0.0629852
0.0630032
0.0630357
0.0630724
0.0630131
0.0631148
0.0631286
0.0631022
0.0631436
0.063152
0.0631916
0.0631301
0.0632604
0.0632519
0.0633109
0.0651826
0.0652464
0.0651148
0.0651059
0.0649812
0.0649428
0.0649266
0.0649257
0.0649238
0.0649578
0.0649021
0.0648509
0.0648869
0.0649006
0.0649169
0.0648763
0.0649179
0.0649762
0.0649726
0.06497
0.0650253
0.0650342
0.0650116
0.0650516
0.0650274
0.065042
0.0650077
0.0650522
0.0650657
0.0650701
0.0651937
0.0652183
0.0652125
0.0652147
0.0652002
0.0652045
0.0652229
0.0652596
0.0652614
0.0652834
0.0653173
0.0653115
0.0653256
0.0652806
0.0653172
0.0653405
0.0653394
0.0655815
0.065581
0.0655725
0.0655635
0.0656018
0.065584
0.0655712
0.0656162
0.065616
0.0655974
0.0656252
0.0656091
0.0656112
0.0656303
0.0656371
0.0656315
0.0656701
0.0656667
0.0656814
0.0656807
0.0657041
0.0656954
0.0657134
0.0657172
0.0657244
0.065718
0.0657608
0.0657679
0.0657544
0.0657755
0.0657768
0.0657971
0.0658128
0.0658432
0.0658351
0.0658823
0.0661549
0.0661845
0.0661938
0.0662189
0.0662368
0.0662715
0.0662879
0.0663062
0.0663298
0.066358
0.0663735
0.066415
0.066427
0.0664572
0.0665011
0.0665163
0.0665409
0.0665685
0.0666232
0.066639
0.0666683
0.0667047
0.066748
0.0667622
0.0667952
0.0668356
0.0668684
0.0669128
0.0669579
0.0669983
0.0670493
0.0671051
0.0671349
0.0671884
0.0672408
0.0672953
0.0673643
0.0674487
0.0675014
0.0675554
0.0676256
0.0676902
0.0677422
0.0677975
0.0678669
0.0679571
0.0680452
0.068115
0.0682448
0.0683298
0.0684419
0.0685209
0.068605
0.0686734
0.068759
0.0688481
0.0689289
0.0690491
0.069177
0.0692619
0.0693498
0.0694521
0.0695332
0.0696261
0.0697275
0.0698299
0.0699308
0.070068
0.0701807
0.0702748
0.0703839
0.0705384
0.0706489
0.0707691
0.0708862
0.0710103
0.0711296
0.0712618
0.0713925
0.0715223
0.0716453
0.0717959
0.071933
0.0720737
0.0722186
0.0723606
0.0725106
0.0726627
0.0728762
0.0730371
0.073212
0.0733736
0.0735417
0.0737274
0.0739039
0.0740822
0.0742718
0.0744684
0.0746628
0.0748564
0.0750682
0.0752804
0.0754973
0.0757045
0.0759255
0.0762838
0.0766676
0.0769222
0.0771785
0.0774283
0.0777061
0.0779753
0.0782401
0.0785093
0.0787972
0.0790847
0.0793928
0.0796849
0.0799796
0.0802989
0.0806289
0.0809599
0.0813003
0.0816579
0.0820128
0.0823783
0.0827426
0.0831373
0.0835297
0.0839395
0.0843785
0.0848103
0.0852442
0.0857052
0.0861474
0.0866346
0.0871184
0.0876228
0.0881271
0.0886585
0.0891987
0.0897578
0.0903296
0.0909171
0.0915204
0.09215
0.0927928
0.0934518
0.0941304
0.0948318
0.0955424
0.0962952
0.0970635
0.0978497
0.0986692
0.0994966
0.100367
0.10126
0.102188
0.10313
0.104119
0.105119
0.106165
0.107249
0.108372
0.109513
0.110698
0.111944
0.113217
0.114535
0.115889
0.117292
0.118723
0.120239
0.121803
0.1234
0.125048
0.126764
0.128521
0.130347
0.132215
0.134158
0.136153
0.138256
0.140351
0.142565
0.144812
0.147195
0.149609
0.152115
0.154745
0.157452
0.160195
0.163046
0.166029
0.169082
0.172213
0.175487
0.178805
0.182271
0.185839
0.189488
