-11.0819
-10.9581
-11.0631
-11.0249
-10.9313
-10.9892
-10.7816
-10.7524
-10.7535
-10.7755
-10.7749
-10.7128
-10.7211
-10.7175
-10.7338
-10.7391
-11.0768
-10.996
-10.8455
-10.7973
-10.7818
-10.7358
-10.777
-10.7201
-10.7158
-10.7905
-10.7702
-10.793
-10.8259
-10.9445
-11.0444
-11.052
-11.0137
-10.9906
-10.9821
-11.1463
-11.1667
-11.1625
-11.1664
-11.2456
-11.2126
-11.2428
-11.2943
-11.4437
-11.4464
-11.471
-11.498
-11.5406
-11.5813
-11.7237
-11.7316
-11.7291
-11.8075
-11.9037
-11.9966
-12.0026
-12.0776
-12.1298
-12.8981
-13.0011
-13.0905
-13.1162
-12.9274
-13.013
-12.8727
-12.9996
-13.0641
-13.2632
-13.3183
-13.3987
-13.4135
-13.5568
-13.5621
-13.6539
-13.7166
-13.9399
-14.0965
-14.2089
-14.2746
-14.4521
-14.5457
-14.681
-14.7818
-14.9067
-15.0425
-15.1739
-15.2777
-15.3755
-15.5234
-15.6568
-15.7602
-15.8986
-16.0458
-16.1727
-16.2793
-16.4262
-16.565
-16.706
-16.8383
-17.005
-17.133
-17.2912
-17.4564
-17.6045
-17.7247
-17.8999
-18.0642
-18.2301
-18.4034
-18.5429
-18.7131
-18.8886
-19.0573
-19.268
-19.4838
-19.6531
-19.831
-20.0111
-20.1947
-20.3761
-20.5728
-20.7574
-20.9337
-21.1283
-21.3238
-21.5653
-22.1643
-22.3601
-22.6032
-22.7954
-22.9936
-23.2063
-23.4143
-23.5835
-23.7419
-23.9115
-24.1349
-24.3875
-24.6341
-24.8635
-25.3236
-25.5428
-25.7611
-25.9872
-26.2067
-26.4478
-26.6968
-27.0625
-27.2441
-27.5232
-27.7472
-27.9535
-28.1961
-28.5168
-28.7499
-28.9667
-29.1583
-29.3447
-29.5896
-29.8153
-30.3211
-30.4994
-30.7154
-30.9542
-31.1992
-31.4744
-31.7284
-31.9411
-32.1837
-32.445
-32.6058
-32.8912
-33.1227
-33.3398
-33.5843
-33.8308
-34.1212
-34.3432
-34.6332
-34.8596
-35.0859
-35.3822
-35.613
-35.8779
-36.0952
-36.331
-36.4374
-36.7276
-36.9096
-37.2149
-37.4829
-37.734
-38.0643
-38.3343
-38.5911
-38.8506
-39.081
-39.293
-39.4905
-39.7593
-39.9688
-40.2183
-40.4515
-40.7211
-40.9431
-41.1819
-41.4536
-41.7448
-41.99
-42.2263
-42.4509
-42.6809
-42.9275
-43.1381
-43.4038
-43.6039
-43.8533
-44.0603
-44.2893
-44.4924
-44.7016
-44.8205
-45.0755
-45.3221
-45.5652
-45.7864
-45.9719
-46.2013
-46.3883
-46.6163
-46.8289
-47.0237
-47.2406
-47.414
-47.6301
-47.7809
-47.9737
-48.1478
-48.3223
-48.5279
-48.6919
-48.8255
-48.9761
-49.16
-49.3284
-49.4531
-49.5945
-49.7522
-49.9058
-50.0575
-50.1845
-50.3251
-50.4753
-50.6003
-50.7462
-50.8569
-51.0115
-51.1152
-51.2328
-51.3353
-51.4304
-51.5333
-51.571
-51.684
-51.8005
-51.9018
-52.0078
-52.0928
-52.1575
-52.2464
-52.3258
-52.4075
-52.4517
-52.5117
-52.5562
-52.5992
-52.6404
-52.6767
-52.7249
-52.7536
-52.7869
-52.8195
-52.8141
-52.8304
-52.8377
-52.8357
-52.8259
-52.8197
-52.8079
-52.8
-52.7826
-52.77
-52.7485
-52.7309
-52.7064
-52.6519
-52.6076
-52.5463
-52.4939
-52.4365
