-2308.50410677405
-2315.11935312758
-2328.37344209331
-2384.45907312014
-2359.24773568494
-2353.36715592145
-2307.43858559295
-2301.52413650999
-2300.17085331967
-2299.97879663973
-2297.64622130915
-2276.71471394469
-2269.64027711012
-2281.34684457978
-2281.53515344991
-2277.48694257679
-2297.61820231387
-2279.53929011727
-2262.20703097259
-2256.73138084927
-2253.19337689501
-2254.0318259907
-2257.79303850449
-2224.43491763335
-2220.29918416552
-2231.1945117307
-2232.55928047587
-2237.24825306625
-2236.09810473939
-2250.121609007
-2243.22285683451
-2251.57181647847
-2249.52054438938
-2237.7493323946
-2233.63960887593
-2260.89477575412
-2269.84116899165
-2269.59840710206
-2265.21060868534
-2277.91174015015
-2281.19099417793
-2277.13740668913
-2275.5451594905
-2287.6685298192
-2290.52295632425
-2298.26339476788
-2297.42088748914
-2305.69756970928
-2312.05188648763
-2292.96444899355
-2291.43800426842
-2291.32245286216
-2302.75871178434
-2310.42148649311
-2319.64668941172
-2322.47426950529
-2325.45200334464
-2327.70382478771
-2399.27875460811
-2408.75122957884
-2415.377961663
-2405.4228460585
-2384.94935851723
-2387.09474328143
-2410.34013349606
-2409.10794955636
-2410.84024012736
-2429.83631267978
-2420.65173918075
-2428.44037262122
-2422.02652630643
-2450.70135648411
-2452.41534256843
-2461.5013432247
-2459.85520367588
-2502.48643204052
-2520.09585832404
-2526.71980805627
-2531.20759823634
-2520.81212478259
-2533.14553733861
-2546.91686508444
-2556.25948468074
-2568.97228519486
-2582.10535196295
-2598.43234566416
-2596.61090826106
-2597.53466284577
-2605.57057777916
-2618.27938063062
-2613.9646604834
-2626.31487463746
-2610.64042691622
-2620.47398132671
-2623.0937368061
-2634.6141080786
-2642.50766588308
-2651.65359917881
-2649.68463733977
-2655.32905015076
-2667.07462368211
-2677.65778784539
-2658.38348495682
-2669.31085423083
-2672.65663139961
-2684.72710769394
-2700.66008717312
-2704.1052732744
-2713.75262268478
-2708.61957263891
-2708.42060803106
-2719.7588378265
-2726.44716306713
-2740.92337482499
-2743.47586730357
-2741.66684266245
-2748.26996177881
-2756.4249121786
-2765.69207688455
-2759.62029096403
-2767.3410642718
-2769.01948587708
-2769.13466645488
-2770.46611716039
-2767.29407229172
-2783.02410986321
-2788.50025174618
-2789.73558140031
-2806.42791993512
-2804.95688370246
-2806.34405386464
-2806.25582955004
-2804.73805475633
-2781.21173288311
-2759.54693554309
-2750.53600066825
-2738.86019600884
-2754.95251451542
-2758.37282545633
-2754.84016052618
-2738.13636839522
-2733.65385702859
-2736.28332363415
-2734.36259224701
-2728.75270842359
-2720.56425713844
-2724.06233544465
-2670.61427017166
-2651.80964882123
-2655.54834209185
-2654.53840508767
-2644.19441789234
-2639.64059011626
-2585.25289466535
-2580.91499474747
-2573.01970536883
-2557.41554485822
-2537.86298493235
-2530.49997039641
-2519.74385320227
-2498.61187443399
-2470.64267640375
-2458.75882721473
-2451.96572942292
-2442.99531318083
-2436.43543789541
-2429.21164124166
-2409.73589225765
-2395.9596956127
-2384.31608991599
-2356.66543703138
-2351.00682769539
-2335.97176756708
-2314.1155670916
-2299.97000256874
-2282.92155628643
-2275.27846768646
-2255.56261634069
-2243.06485486806
-2221.88837050882
-2204.17175597872
-2191.49325235969
-2172.7171733003
-2157.33911093011
-2135.79760668587
-2114.498381194
-2011.26715973345
-2002.18967889025
-1979.53476058355
-1969.56360122945
-1955.42085807713
-1939.79008051086
-1930.90930833631
-1913.95731454186
-1899.57448591704
-1882.52786991141
-1862.41363508493
-1836.65700116862
-1813.13874009222
-1796.17013080549
-1774.02782843853
-1757.0703006317
-1733.2867580016
-1716.81634124052
-1697.00183457203
-1677.96548125382
-1660.84573207033
-1644.82679008163
-1625.14365910923
-1605.41827492751
-1585.23369743503
-1564.81681125503
-1545.63248325984
-1523.34703014025
-1507.2115385056
-1485.94667841313
-1467.13820094012
-1446.12949010202
-1425.96787385235
-1405.56086820424
-1384.46052085683
-1353.97715032463
-1335.30290858242
-1318.53134916636
-1301.244625902
-1283.02391013577
-1262.15965250626
-1244.47884444171
-1224.69847641905
-1207.3541132325
-1189.39415076391
-1170.30258529228
-1153.26948219067
-1134.83077569422
-1117.21291869817
-1097.6515833818
-1079.93730549761
-1062.36116110343
-1043.58694978057
-1027.78503414297
-1010.61771013712
-992.565918111095
-975.100792084912
-958.874972242847
-942.808143843665
-925.38987535519
-908.281064179166
-891.652418005734
-875.978506998943
-860.324880138798
-844.875275438774
-829.283276961148
-814.468782521769
-799.349955658153
-785.044462660247
-770.344416195965
-756.704079995821
-742.324974398687
-728.450992230464
-714.770195266903
-700.99152887061
-687.727811150564
-672.77838990227
-660.229524622119
-647.88058893778
-635.725378062915
-623.737439352922
-611.542667612423
-599.291607500613
-587.985088882487
-576.660712492237
-565.36039559381
-553.709855465559
-542.747430578578
-531.725833761534
-520.846030370691
-510.457514674493
-499.948866138046
-490.038569156379
-479.946864439201
-470.335377387695
-460.674937642583
-450.830108506522
-441.606630769687
-432.545186859413
-423.386052261235
-414.496993315729
-405.855022984702
-397.141191376123
-388.822893363839
-380.760228526424
-372.856310220341
-364.989899863416
-357.470257109311
-350.103347171872
-342.482618702697
-335.28888293562
-327.909590572718
-320.939944849245
-314.109823385873
