11786.2510082302
11956.9336947553
11908.4090593225
12238.5797631349
12215.4577303376
12119.2203705284
12117.1566460006
12119.7064460762
12111.3115262361
12084.9841185253
12073.4162461047
12034.4349481522
11987.5324092375
12053.5062460981
12035.7611871278
12008.3352295975
11736.2102740363
11731.5856398362
11807.9521780459
11833.2297250028
11832.0715724811
11888.4052995943
11861.6329295456
11749.8937551458
11732.8658367338
11706.8766462632
11736.6467727866
11735.8556609287
11693.3165657131
11636.0377837424
11492.8249488355
11527.4670437716
11558.024369691
11522.3145107816
11510.2771077703
11474.7869685222
11498.6060597601
11501.8137713354
11475.4647186203
11456.4335896511
11507.5740231415
11455.4660049715
11393.8900923749
11301.0791868598
11312.4386666426
11325.6645552599
11294.2023851058
11291.9032375874
11282.1315199828
11049.2881275516
11034.285203972
11036.1475917555
11015.4807101325
10960.2278153673
10916.2648940149
10923.9448404634
10867.9928680571
10830.2823907814
10477.3977407411
10432.5340408744
10387.2699330629
10323.4655485287
10390.3998439573
10328.9505820581
10547.1884998258
10435.3253388375
10389.4532862217
10308.5002058293
10225.4882899352
10194.5517506472
10155.9879945709
10163.5085428865
10166.4897874111
10132.9093994421
10078.0411582286
10081.9654863252
10035.5166919725
9978.98112141596
9948.74789029407
9780.98290518643
9762.81654527327
9721.40240563821
9687.51269712612
9650.36605525411
9608.03507767662
9581.06745378124
9506.14596727295
9446.06503075829
9380.50547074685
9341.85808448001
9262.10774952138
9220.60510242457
9076.99432427666
9035.79824283886
8982.32628543011
8936.56140528409
8883.93407043575
8835.0601893797
8755.02365288899
8682.47996536851
8651.72781193508
8601.62226029433
8453.74101471111
8412.44151075569
8362.09226946436
8312.12470796808
8280.19632337604
8210.04396340541
8156.22535297251
8075.11229699733
7995.66382077765
7948.92606958101
7892.52759890032
7840.88431720798
7754.30391898093
7676.97344963139
7620.67394692125
7568.65260829966
7519.07718167316
7429.88011492107
7373.01742819689
7305.85382325933
7238.8682397622
7169.28534336347
7089.03998562987
7041.57311486717
6845.20011763071
6781.80686087927
6740.94886542753
6674.22865780535
6613.38607097291
6545.49762119859
6476.93164554804
6370.94252833702
6273.95336856553
6203.57539722279
6112.80652256543
6076.78274211487
6015.34755211069
5944.70854541685
5786.4023045906
5720.22389505452
5670.09498411637
5609.45435690676
5543.92116505736
5469.0800274983
5416.94875506607
5227.27148910935
5150.10936187947
5096.22159671391
5046.04604401452
4982.75785810298
4923.71361652063
4758.11592741543
4704.40630120185
4648.21952130961
4583.78684423889
4514.16296695304
4456.36875537963
4396.99773826976
4272.24920253225
4194.41939318573
4138.48754905626
4088.15497869583
4033.99183745784
3979.89170197725
3928.87157160373
3865.21959908686
3807.12095855904
3750.56667551288
3684.19331597864
3635.32741113227
3580.27204339692
3517.57698032955
3463.79194089136
3406.22509794094
3357.89528082434
3301.18170246146
3247.48011629875
3189.79307143859
3137.86033670169
3085.76035577326
3033.3649258284
2982.66852810555
2929.42506403132
2875.27888079191
2724.29153657932
2683.44483381816
2635.57294037586
2593.40350333535
2549.92946808278
2506.71936914599
2465.74243492304
2420.50972363502
2380.31409888549
2337.16278864071
2293.25282390532
2244.51578298266
2200.25636098996
2158.94694842235
2116.54362582624
2077.86538328113
2032.90007000746
1994.49695596396
1956.09726697298
1917.94670578216
1880.31075693986
1843.20942668752
1805.53851007312
1768.89728433529
1732.95815705875
1696.91039999572
1661.69852102962
1625.71591483964
1593.61978498498
1560.18506764838
1527.07138727768
1494.36037429306
1461.78961374098
1430.68868656775
1398.95686359117
1362.48749792385
1331.78841740395
1303.78927951013
1275.82206677152
1248.27891551525
1220.05024699201
1193.35810293349
1166.74157029604
1141.0875658163
1115.78701360457
1090.42012259414
1066.42227989088
1043.01874678131
1019.07980388875
995.95663761001
973.277892584931
951.603541911738
929.073705982303
908.415551161327
888.102525645094
868.145779120234
848.356555568104
828.847567473223
810.130216386269
791.668573956366
773.158129074228
754.780719059866
737.490856469355
720.428232035754
704.310849378494
687.87077285823
671.986169721898
656.586446699374
641.495056681253
627.004711334531
612.515446957608
598.655663827703
585.003356865114
571.916244028016
558.985491486715
546.391099793961
533.792244170434
521.717290437313
509.822595495369
498.44011935915
487.180366239712
476.19641108526
465.570630951235
455.325794169245
445.279410361568
435.268233541125
425.61860215962
416.288691560739
407.179561120891
398.228382729174
389.704219448982
381.180370974532
372.972907379569
364.912485452305
357.173504989627
349.424256509193
342.023844246272
334.828522919188
327.871304143493
320.951907798734
314.32512233708
307.840843836692
301.360273561983
295.132639523609
289.195038561358
283.321171637195
277.559850197564
272.014818894492
266.645481910067
261.35650003691
256.277242853875
251.193142094748
246.320172866868
241.578510113163
