12010.2
12179
12133.9
12468.7
12441.2
12345.6
12334.9
12336.3
12327.8
12301.9
12290.1
12247.9
12200.5
12267.5
12250.1
12222.4
11959
11951
12022.7
12046.5
12044.7
12100.2
12074.6
11958.6
11941.1
11917.6
11947.1
11947.2
11905.2
11851.6
11709.7
11745.3
11774.9
11737.6
11725
11695.4
11720.5
11723.6
11696.9
11680.7
11731.5
11679.6
11618.9
11530.3
11542
11556.5
11525.5
11524.9
11516.6
11284.7
11269.7
11271.5
11253.6
11201.1
11160
11168.1
11114
11077.6
10748.6
10707
10664.4
10600
10660.6
10601.2
10819.1
10709.8
10665.5
10591
10508.1
10479.8
10440.8
10454.8
10458.1
10427.6
10373.9
10387.9
10347.1
10293.9
10265.7
10100.6
10086.1
10049.5
10019.1
9986.45
9948.95
9927.17
9854.4
9796.7
9735.65
9701.84
9623.9
9587.34
9444.96
9408.11
9357.5
9316.83
9268.61
9224.4
9147.2
9079.44
9053.49
9008.76
8861.87
8825.78
8778.82
8734.94
8709.49
8643.9
8595.84
8517.28
8441.93
8401.34
8350.18
8306.15
8225.32
8151.85
8101.09
8054.96
8011.59
7925.82
7875.25
7813
7750.44
7685.97
7610.02
7571.59
7391.38
7333.18
7301.81
7239.69
7184.18
7121.7
7058.13
6951.55
6854.02
6786
6698.34
6672.11
6617.63
6552
6401.55
6339.86
6295.81
6240.41
6179.09
6108.38
6063.32
5869.97
5792.73
5746.6
5701.68
5640.89
5586.65
5415.09
5365.87
5312.85
5248.95
5178.65
5124.71
5067.81
4949.26
4867.98
4813.79
4767.09
4716.07
4666.45
4619.21
4554.86
4498.31
4444.29
4373.46
4329.3
4274.94
4210.52
4157.85
4100.5
4056.15
3998.17
3946.83
3887.36
3834.65
3784.78
3731.22
3681.09
3625.35
3569.08
3386.29
3348.08
3296.18
3256.52
3213.38
3169.61
3131.82
3085.79
3045.37
3001.04
2954.25
2900.2
2851.07
2808.43
2761.69
2721.18
2671.51
2631.63
2589.62
2548.35
2508.78
2470.4
2429.21
2388.8
2348.64
2308.28
2269.41
2227.9
2193.47
2154.58
2117.65
2079.52
2042.11
2005.61
1968.2
1920.84
1885.92
1854.29
1822.35
1790.07
1755.44
1724.19
1691.5
1661.26
1630.84
1599.57
1570.76
1541.34
1512.18
1482.15
1453.8
1426.24
1397.23
1371.7
1345.39
1318.66
1292.49
1267.45
1243.06
1217.82
1192.79
1168.22
1145.09
1122.13
1099.94
1077.44
1055.9
1034.44
1013.81
993.26
973.538
953.643
934.275
915.415
896.579
878.358
858.816
841.482
824.42
807.83
791.45
775.079
758.885
743.672
728.568
713.506
698.388
684.011
669.722
655.642
642.212
628.687
615.83
602.918
590.583
578.203
565.887
554.19
542.766
531.287
520.2
509.396
498.537
488.146
478.134
468.287
458.538
449.196
440.082
430.815
422.015
413.065
404.569
396.264
