-12.5143
-12.3631
-12.2273
-12.3045
-12.3753
-12.3842
-12.61
-12.6783
-12.7496
-12.669
-12.706
-12.8081
-12.5166
-12.9479
-12.9754
-13.4274
-13.2238
-13.2528
-13.1221
-13.4641
-13.2786
-12.8716
-12.9846
-13.2291
-13.4246
-13.4727
-13.4281
-13.3469
-13.3096
-13.3872
-13.2711
-12.9227
-12.986
-12.9184
-12.8966
-12.9113
-12.8082
-12.8648
-12.9366
-12.8669
-12.8312
-12.8118
-12.8504
-12.7007
-12.7636
-12.6873
-12.7213
-12.8806
-12.9363
-12.8097
-12.8152
-12.8176
-12.7868
-12.9052
-12.8898
-12.8854
-12.91
-12.953
-12.9198
-12.9285
-12.9182
-12.9384
-12.9579
-12.8024
-12.7951
-12.8329
-12.7614
-12.7559
-12.5497
-12.5614
-12.5186
-12.6322
-12.6168
-12.6755
-12.6753
-12.952
-13.8275
-13.5033
-13.3921
-13.3578
-13.347
-13.2921
-13.2848
-13.2178
-13.1516
-13.0546
-12.9978
-12.9434
-12.8937
-12.8874
-12.8863
-12.8974
-12.9387
-12.9175
-12.942
-12.9833
-13.0056
-12.9715
-12.9609
-12.9819
-13.0096
-13.0541
-13.0605
-13.1105
-13.1702
-13.2392
-13.2821
-13.2651
-13.2611
-13.2859
-13.3219
-13.3696
-13.3744
-13.417
-13.446
-13.4555
-13.4678
-13.515
-13.5404
-13.6337
-13.6406
-13.6657
-13.6789
-13.7095
-13.7303
-13.7765
-13.8157
-14.0138
-14.0498
-14.0653
-14.1098
-14.2578
-14.2878
-14.3131
-14.4562
-14.5713
-14.5916
-14.6412
-14.6582
-14.5986
-14.4627
-14.5673
-14.4947
-14.4874
-14.5438
-14.6816
-14.7555
-14.8198
-15.2259
-15.2773
-15.352
-15.3837
-15.4892
-16.0056
-16.2473
-16.6097
-16.6652
-16.7067
-16.7308
-16.8436
-16.8858
-16.9725
-17.0547
-17.1513
-17.2518
-17.3477
-17.4333
-17.5843
-17.6379
-17.709
-17.8413
-17.3603
-17.449
-17.5379
-17.5799
-17.932
-18.0546
-18.1327
-18.3165
-18.4631
-18.5636
-19.0221
-19.131
-19.2084
-19.2527
-19.2911
-19.4249
-19.6094
-19.7184
-19.8848
-20.0318
-20.1944
-20.4205
-20.5507
-20.7594
-20.9213
-21.0623
-21.2496
-21.3482
-21.5847
-21.7915
-21.8787
-22.1231
-22.3306
-22.4079
-22.5997
-22.8089
-22.9894
-23.1983
-23.4607
-23.6993
-23.9224
-24.1414
-24.3566
-24.5527
-24.7537
-25.0406
-25.1958
-25.3802
-25.6368
-25.832
-26.047
-26.259
-26.5405
-26.8384
-27.121
-27.4183
-27.6815
-27.9166
-28.0805
-28.3284
-28.5303
-28.8061
-29.0248
-29.2389
-29.4975
-29.7798
-30.033
-30.253
-30.4477
-30.6545
-30.914
-31.0963
-31.3851
-31.6247
-31.8792
-32.1072
-32.3747
-32.6856
-32.9214
-33.1723
-33.4409
-33.6726
-33.9273
-34.1682
-34.3782
-34.6772
-34.8464
-35.0629
-35.3446
-35.6417
-35.8925
-36.0832
-36.2717
-36.4918
-36.7052
-36.924
-37.1031
-37.3189
-37.5318
-37.7066
-37.8452
-38.0237
-38.2288
-38.3778
-38.604
-38.7745
-38.9453
-39.1257
-39.3353
-39.4864
-39.6419
-39.8306
-39.9915
-40.2008
-40.3375
-40.4554
-40.5856
-40.7751
-40.8939
-41.0224
-41.1882
-41.3129
-41.4197
-41.5532
-41.694
-41.8202
-41.9484
-42.0419
-42.149
