-2156.13941232375
-2144.74542655808
-2139.40160014761
-2196.38855905454
-2257.15786421792
-2309.7987110465
-2393.48079926383
-2469.04723568148
-2535.51460030094
-2545.91328608757
-2610.17118830351
-2670.63333676446
-2667.85350567862
-2770.361456314
-2788.26935875757
-2866.08991603394
-2866.09757497568
-2820.98783385307
-2778.31065836253
-2816.80405203342
-2782.60284089218
-2718.06836241842
-2776.77597618736
-2810.97562601593
-2882.03341868018
-2881.6615056743
-2873.66778475807
-2838.2548252341
-2836.22159304641
-2809.11419064099
-2774.7235669862
-2733.30508612178
-2771.27262988897
-2775.15632416202
-2818.44969315756
-2950.57865812601
-2907.59403344159
-2879.16976812787
-2886.74941536203
-2837.14315482185
-2828.58186015979
-2813.26714637215
-2816.24072238485
-2814.79957380621
-2841.89733600236
-2806.40973071853
-2795.3311307898
-2718.08652323115
-2680.12094572165
-2630.52082025062
-2602.552450734
-2596.95305721051
-2573.35434400471
-2620.81125363223
-2629.42597961155
-2632.73602974312
-2624.67395970232
-2618.203912669
-2605.88361302368
-2592.93149024038
-2581.22072988775
-2560.40205882163
-2568.41060056652
-2529.46452509751
-2518.23536967096
-2502.38434286114
-2488.49728264959
-2487.57503339273
-2445.8408989146
-2456.8926778364
-2436.77700820022
-2454.24537781108
-2433.08492792608
-2415.36515964258
-2406.26539393414
-2290.52204222851
-2207.13686190879
-2003.82934933024
-1989.55305385313
-1994.33896671165
-1990.41730613694
-1972.53748781543
-1971.51732245149
-1967.67156778389
-1957.2149512512
-1940.38603085817
-1931.33793399808
-1913.91374195793
-1914.44364570993
-1915.78341260531
-1920.66953363374
-1916.87203056292
-1919.17091042407
-1915.70877288377
-1913.69234269611
-1912.5231553702
-1905.55467735047
-1893.20087806972
-1884.40220673627
-1879.56973055946
-1879.48161244927
-1886.22819783825
-1871.93296513612
-1859.17184585186
-1853.2823861476
-1847.58704433495
-1854.34180347086
-1848.42916165503
-1841.28225016474
-1844.09158193509
-1845.70773752593
-1842.78975354444
-1836.99491319168
-1836.84983346515
-1833.42931384352
-1831.82707070957
-1827.1940243109
-1833.724098642
-1830.12894968153
-1827.33554011275
-1821.88717848792
-1816.88090547497
-1807.41926147256
-1809.44173459338
-1806.19575583374
-1812.78220306092
-1812.1184878712
-1853.98920339611
-1848.98442558889
-1840.9217995638
-1842.81781280143
-1834.87181474867
-1833.08220453683
-1785.14505440914
-1787.2514021198
-1800.58840858119
-1801.65686796465
-1805.74411468561
-1806.89652526044
-1774.67654633464
-1653.04068029062
-1646.48325547572
-1638.28863506181
-1642.0542583351
-1649.77827393299
-1675.30694580842
-1688.54232076468
-1699.0202303828
-1756.49105421539
-1751.9350617254
-1750.06863716587
-1740.96508232381
-1747.08513597234
-1784.66536810012
-1792.38157919935
-1745.03790161351
-1746.87522979493
-1742.51757186637
-1736.04103524059
-1745.90661165252
-1737.95406349992
-1746.32380762563
-1750.23421386558
-1747.30586644107
-1743.85273953709
-1755.99549555567
-1755.67663400603
-1767.54126600831
-1755.87788557534
-1747.92201229467
-1757.09506997507
-1551.90178123652
-1556.37052967417
-1558.714781181
-1551.05489320512
-1570.71854808185
-1571.42200883255
-1566.1591173069
-1574.51908772365
-1578.04742679337
-1570.48436380132
-1580.51023707794
-1577.10461440728
-1568.91673119437
-1555.18916501428
-1540.92124049357
-1543.38890475309
-1553.28580554507
-1547.21085547822
-1552.4727724459
-1548.13061580862
-1547.20159255434
-1559.24264638113
-1551.16177750718
-1557.34385717512
-1557.5023928683
-1553.38567940038
-1555.53076355939
-1542.69975867484
-1552.76889042537
-1556.14826822512
-1543.11768099485
-1540.65399453301
-1549.43325001231
-1537.55390429759
-1529.80279208926
-1532.28722498952
-1528.37776653806
-1528.29819555068
-1537.18492194409
-1541.46299578106
-1543.64137806951
-1546.28461423299
-1548.12564867679
-1538.44595066832
-1534.98390372737
-1542.44966790812
-1537.85827941426
-1521.7443013421
-1522.01556898547
-1519.23840603585
-1518.45840231786
-1513.38784361933
-1515.78687263638
-1522.42106007016
-1523.3025874101
-1527.08243244371
-1526.37817373103
-1523.31286908852
-1512.66948504769
-1506.20270539313
-1498.49578867257
-1497.2960850799
-1489.45968390753
-1482.40847336542
-1478.80624131373
-1475.26784199172
-1467.2119738337
-1458.09308965754
-1445.66110804661
-1436.02048433622
-1429.9537092959
-1417.91813123286
-1410.76685908273
-1402.52376373656
-1392.39916211761
-1384.05503754788
-1377.43377639389
-1373.28245992346
-1364.71469890996
-1356.2092434129
-1348.89761865166
-1338.03466578313
-1329.04421970519
-1318.96893353136
-1305.96338820481
-1298.28091635633
-1284.49286747127
-1272.67549060355
-1262.50256559027
-1251.56022898907
-1239.44320983667
-1224.21104421945
-1210.63368028712
-1197.1407236362
-1185.13334958867
-1173.79745275354
-1160.00368271678
-1148.07526674073
-1136.25247240402
-1124.01965615079
-1109.33010316671
-1095.25019723114
-1082.42316435834
-1067.94494656603
-1055.29103409207
-1043.55691937046
-1030.84305063159
-1018.95205473823
-1007.5672307438
-994.692466539751
-981.639144007883
-970.240368207373
-957.474942299864
-946.721341634771
-933.286892327436
-920.570851753622
-906.418775842321
-895.917535801791
-882.253004510338
-870.266379060998
-859.058238505604
-846.127706397757
-833.882190465587
-821.88730596748
-810.201895476965
-798.640676263178
-786.758621293108
-774.196583774313
-762.727841512159
