9714.24203204368
9784.90484855413
9872.34840568777
10069.7477400208
10287.2864437615
10519.3977923856
10699.0458412681
10975.4068643478
11205.7256218266
11325.6767757924
11576.5902669029
11747.1493218807
12017.4314090923
12049.7330348589
12101.0231630641
12005.1170274683
12196.8779407158
11977.6832818894
11918.2523352054
11765.304066298
11790.9075337677
11894.7999704585
12042.3043504169
11957.3356112449
12074.5116283687
12028.2290020898
12036.2071979857
11962.9149686452
11989.0886674149
11803.1230318056
11764.4087385134
11912.5468190551
12017.0963323437
12099.1125404495
12309.3541559718
12871.2373761116
12789.3503911143
12606.7006443517
12567.3142306901
12420.5860960362
12418.7438535616
12370.8481864884
12345.4536957368
12489.5392708979
12545.5441927253
12465.905215159
12382.3971778181
11886.2817256798
11668.0478798428
11569.214340837
11441.1274051633
11414.3011533184
11338.7522166327
11438.2923752995
11490.0759539589
11508.6044248507
11450.7441633835
11383.281096489
11359.8443917764
11295.5115323264
11253.7733913385
11144.9731891639
11162.4223982475
11131.3214501367
11088.44368083
10985.0851089376
10987.4190674719
10988.2430871928
10987.3632863939
11026.3941798574
10974.7292364006
10950.7507224616
10870.0238607603
10739.2302980979
10698.9452421234
9959.39983804573
8967.26964481405
8344.43265263509
8356.38028380133
8398.79356305151
8389.31295085781
8349.56287593325
8349.99904283669
8377.50288759932
8376.45019799549
8368.34433928543
8367.00939793305
8327.5946274026
8363.12548213291
8373.21076364296
8395.30759571507
8371.24840071931
8353.6080066928
8352.69955657428
8327.56342286904
8295.07784593809
8250.18513633044
8219.00396204893
8187.73079013028
8153.06081027639
8134.71061861239
8135.09932414964
8069.34897937477
7982.68786290005
7920.03630279527
7853.05636771478
7855.37887783272
7840.73521955966
7812.86140189548
7809.64033010075
7794.58437407261
7753.46756146768
7726.20873501408
7700.15346947053
7668.61537819829
7656.300274618
7629.69794887861
7629.21105030917
7599.42567459131
7533.90837124668
7507.4984028544
7472.58349297085
7426.21603599424
7417.28330651538
7392.32091700625
7393.41644250921
7368.90765231967
7428.32210864544
7388.5075567688
7347.84828574943
7331.25783008767
7220.70470657407
7197.87110858554
6996.71896493768
6932.64706212719
6926.78765684232
6920.82666667905
6911.97892602967
6908.00838991252
6813.77072875143
6409.04342108901
6335.76816601887
6337.21036030266
6355.11778660188
6359.16086832679
6394.2555660316
6411.03339095084
6421.54727124624
6453.4299730036
6413.97900394889
6374.43786237723
6327.56445025487
6304.39985467804
6221.57270103822
6150.46145347216
5849.99564105242
5835.51329434086
5805.64690554265
5775.2448956612
5766.85813297744
5725.38146289521
5721.78859111554
5705.27155239909
5661.66435199939
5615.50069222763
5621.36508172954
5590.98155804553
5577.29812143458
5522.55105470719
5473.99464769886
5459.18741344985
4964.17587031271
4951.54070151521
4932.23308044418
4895.5025925705
4853.76799721738
4820.70362081685
4782.4252733186
4756.31082509269
4726.40025952001
4676.42553786068
4584.38993177847
4546.44942384882
4503.18929865028
4452.70370128332
4402.37243747002
4376.61852313919
4359.86973386731
4316.82365716859
4292.21611912939
4246.11980612842
4206.43942944592
4188.08998406271
4137.60546162883
4108.5042348912
4074.15026972613
4033.59335431
4000.12339416178
3947.00605307169
3924.90835344307
3892.32278520166
3842.75313319774
3789.78925925037
3772.16901051057
3728.92597161424
3675.16940287328
3643.58285057907
3602.48525699303
3566.07906227225
3541.92503419366
3511.6672878759
3479.75130272433
3450.07229480577
3419.70707693058
3367.59969025005
3329.07202436323
3301.68374410241
3268.73712882162
3207.6463922061
3171.46249870085
3138.2214214465
3106.83019859958
3067.63212130875
3034.82409586507
3008.8689778478
2974.10577108308
2943.739056391
2909.6042720029
2875.02282171278
2835.30023902329
2794.00334057896
2756.40873807398
2722.88474631307
2684.315605441
2648.23409580694
2614.04730698424
2578.07003459664
2537.90883875663
2499.93271675318
2459.37630318775
2422.91506631305
2387.95420367956
2350.85297343775
2312.55924408735
2277.56924045225
2238.794013355
2205.75698886762
2172.60825811955
2140.29029939085
2107.80109390784
2074.69340811634
2042.53648116646
2008.37834870888
1975.79222138064
1943.1228042713
1908.86903905654
1876.55082441829
1844.95307176509
1813.32879878885
1780.15646275208
1745.47551953983
1712.69559072527
1679.84680230405
1649.78532983975
1618.32716961429
1589.67724793203
1561.98832159825
1533.62732842223
1506.03336443726
1479.09257365986
1453.96531629425
1427.81248569556
1400.66171756964
1374.0926830678
1348.48419108423
1321.75098103421
1299.10659748692
1275.47301287191
1252.67177175218
1229.46039054996
1207.2421772822
1184.83265208698
1163.25482195468
1141.41804951905
1120.26169250459
1099.03510508527
1079.55048260913
1058.07499753113
1038.84283948191
1018.71986263765
1000.33682206348
981.70219153043
962.689735515068
945.198341103239
927.23834039017
909.542419827428
892.597458610484
875.368066998659
858.56893495641
842.677755599496
