9950.65
10017.2
10101.5
10306.5
10532
10770
10963.5
11249.7
11489
11608.3
11867.2
12046.9
12310
12364.1
12418.1
12342.5
12529.1
12305.4
12237.8
12097.8
12114.8
12201.4
12358.3
12283.3
12413.7
12368.6
12374.5
12295
12320
12132.8
12087.2
12222.1
12332.5
12413.3
12627.9
13205.1
13115.7
12931.3
12894.6
12740.5
12736.8
12686.7
12662.6
12802.8
12863.4
12777.9
12694
12193.1
11971.9
11864.5
11733.4
11706
11627.1
11734.7
11787.1
11805.9
11747.7
11680.5
11654.9
11589.3
11546
11435.3
11454.1
11415.1
11370.8
11266.5
11265.7
11266.3
11256.3
11296.8
11242
11222.4
11139
11007.5
10966.2
10219.4
9234.9
8581.66
8589.96
8632.33
8622.2
8579.4
8579.59
8605.48
8602.07
8590.36
8587.02
8544.7
8579.45
8589.58
8612.21
8587.91
8571.23
8569.57
8544.62
8512.7
8467.39
8434.23
8401.78
8366.91
8349.01
8350.91
8283.63
8196.33
8133.98
8067.47
8071.28
8055.67
8026.9
8024.41
8010.13
7969.45
7941.59
7916.21
7884.74
7872.39
7845.44
7846.49
7816.69
7752.35
7725.4
7690.29
7643
7634.8
7609.78
7612.41
7588.45
7656.19
7616.35
7574.95
7559.32
7450.19
7427.62
7220.86
7159.32
7156.99
7151.49
7143.96
7140.41
7041.09
6618.79
6546.21
6545.55
6563.83
6569.68
6610.08
6629.67
6642.51
6688.2
6648.94
6610.31
6562.7
6542
6472.48
6406.31
6104.72
6091.37
6061.51
6030.53
6025.35
5983.35
5982.35
5967.7
5925.16
5880.04
5889.25
5860.16
5850.68
5794.97
5746.29
5734.99
5201.1
5190.38
5172.67
5135.34
5101.59
5070.36
5032.34
5010.15
4982.88
4933.09
4849.19
4812.22
4768.67
4716.48
4664.26
4640.78
4628.3
4585.72
4564.35
4519.54
4481.96
4468.93
4418.81
4393.76
4361.71
4322.37
4291.93
4237.78
4220.9
4191.87
4141.01
4090.98
4077.99
4033.48
3980.85
3952.67
3913.29
3879.77
3861.11
3835.09
3806.77
3780.74
3753.81
3702.37
3665.91
3644.21
3612.43
3550.31
3517.77
3486.62
3458.05
3420.63
3392.31
3372.1
3341.52
3316.26
3285.67
3253.65
3213.58
3174.13
3137.4
3107.41
3069.86
3034.91
3003.35
2970.33
2931.5
2894.08
2852.8
2816.5
2783.36
2745.36
2708.91
2674.77
2636.47
2604.03
2572.46
2542.98
2511.03
2478.64
2447.75
2413.28
2381.2
2348.49
2312.86
2281.88
2248.06
2215.37
2182.4
2147.81
2114.13
2078.6
2046.32
2012.99
1982.83
1953.87
1922.92
1893.73
1865.15
1837.78
1808.11
1778.04
1749.22
1720.15
1691.35
1666.34
1639.96
1614.76
1589.58
1564.24
1538.65
1514.77
1489.83
1466.72
1441.84
1418.76
1393.24
1371.81
1347.65
1325.91
1304.5
1281.68
1260.46
1239.06
1218.07
1197.73
1176.97
1156.08
1136.6
