-11.2987
-11.2701
-11.2467
-11.2222
-11.1958
-11.1774
-11.1793
-11.1512
-11.1356
-11.1161
-11.1004
-11.1036
-11.0867
-11.0876
-11.0885
-11.0798
-11.0822
-11.084
-11.0866
-11.0984
-11.1038
-11.1109
-11.1264
-11.1384
-11.1449
-11.1657
-11.1815
-11.1944
-11.2163
-11.2289
-11.2473
-11.2696
-11.2873
-11.3094
-11.3365
-11.367
-11.4119
-11.4435
-11.4667
-11.5022
-11.5618
-11.612
-11.6429
-11.6842
-11.7232
-11.7563
-11.8075
-11.8486
-11.8978
-11.9467
-12.0005
-12.0505
-12.1845
-12.2345
-12.3255
-12.3774
-12.441
-12.4998
-12.6338
-12.6912
-12.7532
-12.8182
-12.8867
-12.9558
-13.0309
-13.2012
-13.2718
-13.3486
-13.4289
-13.5127
-13.5957
-13.6853
-13.7741
-13.8634
-13.9483
-14.0405
-14.1411
-14.2386
-14.3439
-14.4342
-14.5423
-14.6512
-14.7605
-14.8667
-14.9868
-15.0988
-15.2088
-15.328
-15.4387
-15.5558
-15.6805
-15.7945
-15.9176
-16.0412
-16.1696
-16.2987
-16.4258
-16.5519
-16.6772
-16.808
-16.9342
-17.0744
-17.2091
-17.3504
-17.4811
-17.6125
-17.7851
-17.9159
-18.0226
-18.1544
-18.2962
-18.4332
-18.6039
-18.7285
-18.861
-18.9972
-19.1148
-19.2512
-19.3817
-19.5204
-19.6405
-19.7617
-19.8873
-20.0215
-20.139
-20.257
-20.3644
-20.4785
-20.6023
-20.7174
-20.8088
-20.9314
-21.0365
-21.1408
-21.2277
-21.3177
-21.4163
-21.516
-21.6138
-21.6943
-21.7922
-21.8762
-21.9669
-22.0399
-22.1183
-22.196
-22.2688
-22.3459
-22.5743
-22.6176
-22.6638
-22.7392
-22.7701
-22.8232
-22.8636
-22.9076
-22.9437
-22.9793
-23.0233
-23.0537
-23.1021
-23.1377
-23.152
-23.1748
-23.1932
-23.2296
-23.2483
-23.2652
-23.2871
-23.306
-23.3283
-23.3427
-23.3574
-23.3674
-23.3827
-23.3916
-23.405
-23.4161
-23.4276
-23.4348
-23.4332
-23.4397
-23.4416
-23.442
-23.436
-23.4236
-23.4182
-23.4081
-23.4011
-23.3855
-23.3651
-23.348
-23.3311
-23.3147
-23.2911
-23.2678
-23.2341
-23.207
-23.1709
-23.135
-23.0945
-23.0515
-23
-22.9504
-22.895
-22.8364
-22.769
-22.7059
-22.6389
-22.5676
-22.4909
-22.4089
-22.3256
-22.237
-22.1398
-22.0433
-21.9403
-21.8362
-21.7245
-21.616
-21.4967
-21.3793
-21.2568
-21.1204
-20.9903
-20.8555
-20.7169
-20.5756
-20.4341
-20.2867
-20.1369
-19.9795
-19.8255
-19.6645
-19.503
-19.338
-19.1712
-19.0024
-18.8272
-18.654
-18.4766
-18.2964
-18.1201
-17.9393
-17.7555
-17.5689
-17.3849
-17.1961
-17.0067
-16.8157
-16.6255
-16.4343
-16.2415
-16.0482
-15.8548
-15.6602
-15.4654
-15.2714
-15.0761
-14.8812
-14.6863
-14.4916
-14.2973
-14.1035
-13.909
-13.7143
-13.5217
-13.3296
-13.1381
-12.9485
-12.7607
-12.5706
-12.3814
-12.1945
-12.0118
-11.8269
-11.6449
-11.4623
-11.2836
-11.1045
-10.93
-10.7524
-10.5819
-10.4092
-10.2412
-10.0717
-9.90696
-9.74327
-9.57983
-9.41907
-9.26402
-9.10893
-8.95463
-8.80374
-8.65554
-8.50646
-8.3636
-8.22082
-8.08019
-7.94356
