-375.364712237082
-373.289438370001
-371.900263532488
-370.584779611309
-369.131928375658
-368.21314359688
-367.906566511501
-366.363046955692
-365.379961392934
-364.480196287162
-363.557941451975
-363.559362710919
-362.75719242886
-362.382421823351
-362.049897887432
-361.238980172245
-360.916438594872
-360.707101922778
-360.306078318954
-360.63471499494
-360.582655647107
-360.259176449814
-360.556655354998
-360.575503658506
-360.255579624019
-360.594081380823
-360.539366992257
-360.685986714487
-361.040237959772
-361.006369058663
-361.252886520108
-361.619849674168
-361.792905195155
-362.384205210494
-362.549286910381
-363.00732781616
-368.773206428252
-369.249042639132
-369.097012714333
-369.67398082928
-370.607461678055
-371.37533114614
-371.849462107057
-372.451509187739
-373.226257471305
-373.57860278708
-374.599354064676
-375.200929751838
-376.243760753536
-377.119780471078
-377.994813841407
-378.698863741877
-386.168720746326
-386.707862612902
-391.228360051561
-391.688308937213
-392.693394420452
-393.370640080789
-399.081098397569
-399.680424905617
-400.329170244444
-401.152981276046
-402.10083207767
-403.031914421984
-404.117032078288
-410.60924293507
-411.425179097568
-412.352224080535
-413.561106577894
-414.804159320298
-416.084180085443
-417.496557082744
-418.855741336102
-420.085378276308
-421.045153310719
-422.333904558138
-423.986505074022
-425.459914131694
-427.150766289048
-428.062938398365
-429.851518034841
-431.626830578603
-433.325854940955
-434.746895582463
-436.606580979188
-438.108523607122
-439.480715011979
-441.241012536505
-442.553577023344
-444.014836480933
-445.760910184294
-446.995101334254
-448.521509423095
-449.912544255139
-451.513282892614
-453.042306563578
-454.470584666026
-455.745630774379
-457.005999039674
-458.30701433164
-459.550570434518
-461.193002193602
-462.419942158685
-463.947380102403
-464.984524183351
-465.972895524261
-468.370432627328
-469.290728990187
-469.162194471478
-469.948020104857
-471.120259722603
-471.898265251178
-473.871603397978
-474.160961121434
-474.752795922885
-475.340168345827
-475.196447361364
-475.729271028417
-475.999863139569
-476.437030727655
-476.285059818481
-476.148624002811
-475.947021650565
-476.124067566988
-475.755574717228
-475.428026158748
-474.72742854665
-474.128179432619
-473.830006606825
-473.20206828898
-471.992968649409
-471.619910660108
-470.60716056297
-469.573496946714
-467.956935426373
-466.547819595697
-465.307300288714
-464.018725034499
-462.818819347742
-461.032870193472
-459.841912233469
-458.207725187661
-456.804152563003
-454.816900610772
-452.980124279627
-451.110053774692
-449.145619205993
-447.252614115917
-446.415422389506
-443.738665662101
-441.12173501685
-437.107775910252
-434.283622663351
-431.972397946184
-429.374054053663
-426.909593628541
-424.228615910731
-421.497687802767
-419.010802702247
-416.197524075367
-413.860979893643
-409.55586310298
-406.547461639416
-403.702691251759
-400.791847597126
-398.333256177351
-395.466556657272
-392.608183419243
-389.868404973013
-387.062981329403
-384.375735234958
-381.572930836285
-378.766015155736
-375.850790146679
-373.09423643869
-370.22764072386
-367.484341761362
-364.665488458308
-361.946396666846
-359.15646484994
-356.204018323859
-353.432013905017
-350.591999783295
-347.742088795509
-344.793693146139
-341.762537900499
-338.892597961685
-335.969747127171
-333.112642530355
-330.153221337181
-327.130232931472
-324.141515056099
-321.234832172996
-318.33428211202
-315.452379020681
-312.512796348511
-309.455610505226
-306.534368294
-303.456212595796
-300.504817885176
-297.467382819226
-294.442881871984
-291.282632397312
-288.286480939646
-285.205110580118
-282.096379080276
-278.929166725673
-275.846377859133
-272.783081336961
-269.641735443209
-266.533205508283
-263.364350357388
-260.261896260428
-257.091512234385
-253.895067718575
-250.754739977111
-247.588261310103
-244.42387432222
-241.230634645565
-238.145637586896
-234.979783991456
-231.875025865476
-228.767834750447
-225.546111341733
-222.450492255514
-219.332071208804
-216.248539492356
-213.181800806451
-210.139490450461
-207.097740769578
-204.077885466085
-201.022892694686
-198.072900820025
-195.084005148143
-192.152280180622
-189.224148178891
-186.328584486681
-183.44122541459
-180.540036599153
-177.715121183943
-174.885756719701
-172.07159125461
-169.348913015381
-166.614219876451
-163.897842370605
-161.192230465757
-158.55403433403
-155.909123420736
-153.296175359658
-150.708633243123
-148.164860744227
-145.652356903929
-143.157018999988
-140.692174112095
-138.261818271208
-135.852823192923
-133.473530966156
-131.137909014517
-128.81903550317
-126.534631437825
-124.28104745054
-122.056117856073
-119.86300597807
-117.70173289767
-115.559809707351
-113.440942915602
-111.364959118529
-109.320141381585
-107.303502637695
-105.328095770097
-103.392183637538
-101.44988990328
-99.5400309451407
-97.6715108150487
-95.858158559515
-94.0416231130864
-92.270645497695
-90.50824241124
-88.7986559463912
-87.1000252614689
-85.4557056729788
-83.7965007344186
-82.2165494596441
-80.6289516145436
-79.094863052664
-77.5582469224426
-76.0749745056011
-74.6117706815468
-73.1604478089323
-71.7416344464759
-70.3806273225863
-69.0286062946426
-67.6911658150882
-66.390483833434
-65.1202923313573
-63.8506568090889
-62.6388230601003
-61.4341883626529
-60.2540963664567
-59.1127609456238
