1878.73872310845
1873.2180859957
1870.23183495642
1867.79135909781
1864.96995738636
1863.46970216382
1861.59354272562
1858.57530205944
1856.25148638661
1855.01181045148
1853.00183812839
1852.46145163273
1851.26342810556
1849.19692765628
1847.34633232096
1844.69273108128
1842.63638487141
1841.26097395846
1838.77163278272
1838.4422516741
1837.26015701274
1834.40906787001
1833.30090129232
1831.37094742202
1828.65151336983
1826.87241012423
1823.9475711897
1822.53222561024
1820.66784476849
1818.40109260831
1816.58829060987
1814.74110019078
1812.68759783655
1812.00859267112
1808.38566447005
1805.68262882816
1826.95286261595
1824.12247365962
1819.5822280967
1816.64861827978
1811.58988224392
1807.27777749191
1804.64825689958
1801.00123970079
1798.57361062425
1795.05838844859
1791.93414299587
1788.40592090089
1785.7444204012
1782.3604527641
1778.24947662273
1773.94840313934
1788.44329927374
1783.39509211878
1790.50633419471
1784.85719247841
1779.99767920594
1774.40960311379
1780.45188471966
1774.79287116758
1768.74143555563
1763.08896772492
1757.53908159746
1751.88778135397
1746.1262906171
1750.47653218096
1744.28522452738
1737.78724960676
1732.07199293969
1726.09807572182
1720.45080068644
1714.55132536884
1708.60893944454
1702.14824364932
1695.23497087382
1688.80239494166
1682.85098482163
1676.65062119902
1670.43075141075
1663.07327534591
1657.06473034192
1650.99129904572
1644.66267895264
1637.7288967596
1630.94081754847
1623.83759395538
1616.57640203999
1609.81415851513
1602.45220991574
1595.03200199394
1587.91929925663
1580.22617124359
1572.71327074735
1564.78395151595
1557.20234747175
1549.41436438532
1541.59533723131
1533.46926204279
1525.48556785758
1517.22041428212
1509.31945793901
1501.51809087592
1492.99799664767
1484.96157896294
1476.44054305278
1467.82153572454
1460.10754053956
1451.57466710599
1441.9971550869
1433.19831733069
1424.85305181935
1415.83884512077
1407.76398870444
1398.55709409677
1389.72551216541
1380.70727598465
1371.13991223184
1362.18776150235
1353.05408830952
1343.89582120469
1334.57791911664
1325.33274341209
1315.70025924675
1306.61436846664
1297.32629250527
1288.21935804536
1278.93530273641
1269.56552157339
1260.45066930006
1251.14370564177
1241.95561190629
1233.02241645031
1223.64306103817
1214.35277055938
1204.73715452225
1195.54186649005
1186.33072062475
1177.01616608157
1168.12482267845
1158.86001423863
1150.14086587403
1141.19706583848
1132.5131942283
1123.4581913978
1114.53417709266
1105.63207885055
1096.83105611031
1088.03100877984
1073.80150896374
1065.09138833079
1056.40974578793
1042.93493619631
1034.63097841037
1026.45807021652
1018.27497843437
1010.26268686313
1002.15674619416
993.98461495987
986.012560629335
977.950525258581
970.184952584544
958.442274421351
950.745245496683
943.054253993951
935.424034221744
928.056691114906
920.548647582321
913.15228899031
905.825639608859
898.491180242408
891.298397881757
884.188007458825
877.065164746636
869.897547523337
862.884638196921
855.88984400333
849.002928996254
842.042973815745
835.304584652141
828.580515665493
821.832060560998
815.183042362906
808.559143973989
801.971145119409
795.39968583263
788.874973531174
782.452582043653
776.079242999904
769.737353265024
763.469121608518
757.218482541334
750.915903772278
744.785870220285
738.642226381098
732.785532451476
726.770617793148
720.828912388951
714.957016369235
709.0106895372
703.332837302367
697.588068027744
691.934099350452
686.218878656579
680.798388620622
675.339463934977
669.889135364052
664.552535625079
659.241303088631
654.06725707477
648.806543552217
643.757252281851
638.688197330928
633.777337540501
628.822438722599
624.024270194822
619.291877714387
614.645566082958
609.985297869806
605.432112420127
600.996827694066
596.631704893671
592.305139269351
588.06888693808
583.897332314186
579.796714833121
575.715215136144
571.775046999625
567.895190950688
564.020376917555
560.257590086146
556.558121942077
552.921319459343
549.401323457398
545.914047365846
542.531020437899
539.192685753408
535.930046006183
532.679517138958
529.508760707296
526.428034168562
523.388704169834
520.406107707343
517.508794929622
514.640363220727
511.847487021535
509.100918224937
506.414205193143
503.782389499849
501.199569813364
498.677186238743
496.202410556059
493.792670261852
491.420841046691
489.09865341014
486.829190098888
484.603764148105
482.421095679311
480.301295795983
478.217613423045
476.180836954716
474.193088230519
472.241592507378
470.333907439067
468.469120555331
466.641182869023
464.849211628265
463.095703591092
461.391918269393
459.72429659817
458.104328172574
456.531612280751
454.95717270927
453.435839483868
451.958668065019
450.520921460457
449.098431352478
447.725961057027
446.365376856929
445.056805299183
443.768048449245
442.517234259789
441.268016267514
440.089099165101
438.91566360924
437.784306505704
436.658630263181
435.577537867797
434.520722262776
433.478513605226
432.462744078549
431.487732615516
430.530301319221
429.586555701635
428.671351014227
427.78283865494
426.905457146015
426.062096424506
425.229123222084
424.419249676616
423.636689362932
