1915.87
1910.05
1906.85
1904.2
1901.15
1899.5
1897.6
1894.34
1891.87
1890.48
1888.33
1887.8
1886.47
1884.37
1882.49
1879.73
1877.65
1876.26
1873.74
1873.48
1872.31
1869.45
1868.42
1866.53
1863.8
1862.12
1859.24
1857.88
1856.12
1853.89
1852.16
1850.42
1848.44
1847.89
1844.37
1841.81
1863.8
1861.12
1856.64
1853.88
1849.11
1845.04
1842.56
1839.11
1836.89
1833.52
1830.67
1827.34
1824.95
1821.82
1817.98
1813.92
1829.66
1824.84
1832.75
1827.33
1822.8
1817.49
1824.63
1819.24
1813.48
1808.15
1802.95
1797.65
1792.28
1797.99
1792.15
1786.04
1780.76
1775.24
1770.05
1764.65
1759.2
1753.22
1746.74
1740.81
1735.44
1729.79
1724.18
1717.28
1711.91
1706.48
1700.79
1694.45
1688.37
1681.9
1675.25
1669.19
1662.44
1655.68
1649.3
1642.23
1635.42
1628.18
1621.34
1614.29
1607.19
1599.76
1592.47
1584.93
1577.73
1570.75
1562.97
1555.75
1547.93
1540.01
1533.39
1525.55
1516.4
1508.28
1500.72
1492.41
1485.38
1476.75
1468.58
1460.24
1451.15
1442.87
1434.34
1425.85
1417.02
1408.27
1399.14
1390.66
1381.81
1373.15
1364.2
1355.21
1346.57
1337.64
1328.62
1320.14
1311.02
1301.98
1292.43
1283.35
1274.32
1265.18
1256.47
1247.2
1238.66
1229.75
1221.17
1212.03
1203.07
1194.12
1185.23
1176.37
1162.9
1153.83
1144.81
1130.83
1122.08
1113.65
1105.1
1096.76
1088.25
1079.66
1071.35
1062.83
1054.77
1042.28
1034.02
1025.83
1017.67
1009.93
1001.9
993.976
986.163
978.317
970.648
963.009
955.357
947.621
940.09
932.532
925.122
917.615
910.351
903.072
895.706
888.503
881.296
874.118
866.916
859.724
852.69
845.68
838.725
831.797
824.86
817.889
811.109
804.319
797.8
791.113
784.447
777.899
771.221
764.84
758.364
751.977
745.481
739.321
733.093
726.863
720.716
714.626
708.671
702.607
696.752
690.857
685.135
679.348
673.698
668.132
662.638
657.134
651.721
646.46
641.237
636.075
630.999
625.945
621.006
616.08
611.302
606.59
601.895
597.309
592.794
588.33
584.016
579.724
575.554
571.432
567.397
563.381
559.441
555.616
551.834
548.116
544.513
540.939
537.448
534.01
530.655
527.356
524.119
520.953
517.851
514.826
511.848
508.932
506.082
503.286
500.545
497.882
495.264
492.706
490.209
487.76
485.367
483.029
480.737
478.491
476.298
474.166
472.081
470.057
468.093
466.131
464.233
462.392
460.606
458.839
457.135
455.449
453.829
452.235
450.693
449.154
447.703
446.26
444.872
443.493
442.171
440.88
439.609
438.373
437.19
436.029
434.887
433.782
432.711
431.654
430.642
429.644
428.675
427.741
