27384.6
27412.3
27424.5
27383.4
27378.1
27323.5
27314.9
27300.4
27246.1
27191.6
27148.2
27005.7
26930.1
26888.5
26879.9
26858.1
26817.2
26813.6
26777.6
26744
26715.7
26681.2
26660.1
26594.7
26556.2
26567.6
26522.7
26477.5
26465.5
26440.2
26406.4
26348.9
26302.1
26269.7
26228.5
26186.2
26144.8
26106.3
26066.9
26021.8
25979.7
26037.5
26007
25965.2
25916.3
25898.2
25842.3
25805.7
25753
25718.8
25727.1
25681
25632.1
25598.3
25529.5
25492.1
25453
25417.1
25362.5
25317.7
25261.1
25212.7
25158.6
25098.9
25044.4
24979.6
24926.7
24873.9
24818.1
24767.7
24713.5
24665.7
24593.9
24564
24519.2
24458.5
24381.2
24326.9
24266.2
24194
24130.8
24067.6
24013.4
23975.1
23907.5
23815.3
23742.7
23668.5
23607.3
23544
23490.2
23434.4
23376
23310.8
23251.4
23182.9
23121
23053.8
22993.3
22924.1
22853.7
22786
22721.5
22654.8
22583.5
22518.4
22452.4
22385.7
22315.3
22254.7
22182.7
22115.3
22045.9
21976.8
21911.8
21838
21761.1
21696.9
21630.2
21562.3
21495.3
21432
21365.1
21298.7
21229.7
21167.9
21103.8
21045.4
20983.7
20925.6
20867.7
20811.1
20755.1
20693.8
20633.6
20594.1
20533.4
20476.2
20417.9
20363
20305.4
20248.9
20188.9
20131.8
20074.8
20016.2
19960.5
19904.9
19851.1
19802.3
19750.3
19702.8
19651.8
19600
19548.3
19500.2
19457.9
19413.5
19369.7
19322.7
19277.8
19236.1
19195.6
19154.7
19111.4
19070.3
19031
18990.2
18950.2
18912.5
18871.5
18827.9
18787.6
18748
18708.7
18668.8
18627.9
18588.8
18551.6
18514.6
18478.6
18443.4
18409.8
18377.8
18343.2
18306.7
18271.4
18236.1
18201.2
18168.3
18133.5
18100.5
18067.3
18035.9
18006.5
17978
17947.6
17913.8
17873.8
17838.6
17805.7
17775.5
17740.6
17704.5
17668.1
17629.9
17592.4
17555.6
17518.8
17480.4
17441.6
17399.4
17360.2
17319.7
17279.7
17240.6
17200.8
17158.3
17113.8
17070.5
17026.4
16978.3
16934.6
16888.4
16840.1
16791.4
16741.5
16689.1
16634.5
16577.6
16517.2
16457
16394.4
16330.3
16265.4
16195.1
16126.7
16054.3
15979.7
15905.8
15828.8
15749.2
15667.1
15581.9
15496.1
15406.8
15322.3
15228.7
15132
15034.6
14936.3
14829.8
14721.1
14610.4
14500.1
14388.7
14264.1
14148.3
14032.4
13907.4
13778.1
13651.7
13523.1
13393.9
13261.9
13126.6
12988.4
12855.4
12720.4
12583.9
12425.4
12295.5
12162.5
12027.5
11889.6
11747.8
11610.8
11478.5
11348
11212.7
11078
10943.3
10820.6
10692.7
10563.5
10428.3
10305.4
10176.8
10052.7
9928.04
9806.39
9692.63
9568.47
9447.82
9329.75
9213.9
9102.24
8993.02
8880.33
8773.49
