1408.59
1483.6
1523.17
1548.1
1563.8
1573.84
1583.18
1667.17
1662.6
1660.9
1662.67
1660.72
1662.36
1662.48
1660.98
1660.49
1658.02
1727.49
1723.05
1718.06
1714.12
1709.1
1705.96
1700.76
1696.84
1690.96
1687.69
1683.93
1680.75
1677.77
1673.57
1670.35
1666.98
1662.54
1657.26
1728.68
1721.01
1713.85
1707.13
1701.8
1694.35
1738.89
1732.29
1726.23
1719.56
1710.33
1743.23
1734.66
1721.25
1712.94
1702.48
1689
1721.33
1707.24
1694.64
1682.16
1671.19
1660.49
1646.76
1632.97
1621.57
1608.89
1596.38
1613.15
1597.78
1584.08
1567.63
1554.66
1541.13
1525.6
1511.41
1496.98
1482.12
1467.04
1453.7
1438.75
1423.63
1407.5
1392.44
1377.04
1363.37
1348.91
1333.36
1317.91
1301.02
1285.97
1270.42
1254.45
1238.82
1222.23
1206.43
1190.4
1174.22
1157.98
1141.97
1126.19
1110.27
1093.85
1078.08
1061.3
1044.89
1029.57
1013.98
998.486
982.453
966.435
951.581
935.431
920.092
904.149
889.344
874.224
859.043
843.966
829.185
814.455
800.034
785.277
771.066
757.276
743.128
728.962
715.15
701.222
687.905
672.41
659.732
646.75
633.519
620.901
608.455
596.373
584.571
572.906
560.975
549.473
538.094
526.912
516.275
505.351
494.704
484.383
474.222
463.944
453.989
444.299
434.644
425.382
416.105
407.084
398.176
389.293
380.73
372.437
364.103
355.206
347.36
339.558
332.025
324.54
317.329
310.23
303.262
296.364
289.665
283.107
276.733
270.493
264.374
258.431
252.563
246.887
241.253
235.793
230.456
225.234
220.156
215.161
210.344
205.587
200.961
196.441
192.014
187.734
183.536
179.455
175.47
171.58
167.793
164.096
160.489
156.989
153.571
150.205
147.04
143.878
140.819
137.844
134.883
132.1
129.338
126.67
124.036
121.554
119.11
116.71
114.406
112.147
109.981
107.822
105.798
103.786
101.864
99.9647
98.1524
96.3964
94.6949
93.0274
91.416
89.8672
88.3698
86.9111
85.5064
84.1435
82.8189
81.5347
80.305
79.1171
77.9619
76.8547
75.778
74.7312
73.7338
72.7544
71.8201
70.912
70.0446
69.2038
68.3858
67.6045
66.8482
66.1151
65.4151
64.7348
64.0822
63.4519
62.8451
62.2593
61.6927
61.1517
60.6267
60.1222
59.6386
59.1676
58.7192
58.2843
57.8642
57.4626
57.075
56.701
56.3413
55.9938
55.6622
55.3415
55.0326
54.7333
54.4459
54.1702
53.905
53.6522
53.409
53.1703
52.9428
52.7233
52.5159
52.309
52.1155
51.9267
51.746
51.571
51.4025
51.2389
51.083
50.9331
50.7888
50.6444
50.5091
50.3813
50.2534
50.1293
50.013
49.8989
49.7883
49.6836
49.5822
49.4823
49.383
49.29
49.1988
49.1133
