-15.2973
-15.1481
-15.6407
-15.6169
-16.7246
-17.6417
-17.9644
-17.7309
-17.2201
-16.7319
-16.8209
-15.8776
-16.5366
-17.0556
-16.9085
-16.5101
-16.433
-16.4594
-16.5526
-16.4188
-16.7629
-16.5771
-16.8079
-16.9557
-16.9823
-16.8773
-17.0518
-17.307
-17.1734
-16.7863
-16.7479
-16.6052
-16.4957
-16.5696
-16.2683
-16.3151
-16.371
-16.0092
-15.9175
-15.518
-14.9256
-14.8254
-14.7653
-14.6801
-14.4335
-14.3605
-14.2865
-14.1308
-13.9595
-14.024
-14.0704
-14.1131
-14.0277
-13.9326
-13.9465
-13.8768
-13.7731
-13.7555
-13.851
-13.762
-13.7385
-13.7045
-13.7171
-13.7047
-13.4112
-11.3245
-11.3786
-11.4121
-11.3587
-11.4382
-11.4288
-11.4955
-11.5285
-11.5177
-11.5956
-11.5792
-11.5429
-11.6469
-11.615
-11.6787
-11.776
-11.7289
-11.9129
-11.8969
-12.0431
-11.957
-11.9374
-11.9962
-11.9711
-12.007
-12.1636
-12.0621
-12.0767
-12.3451
-12.2388
-12.3286
-12.3642
-12.2918
-12.2801
-12.2981
-12.2615
-12.4139
-12.3826
-12.3357
-12.4254
-12.497
-12.6008
-12.6697
-12.7059
-12.8464
-12.8779
-13.0274
-13.0813
-13.1422
-13.2323
-13.2468
-13.3723
-13.4117
-13.6084
-13.6759
-13.7686
-13.8612
-13.9694
-15.7468
-15.8904
-15.9854
-16.0792
-16.2133
-16.3731
-16.4607
-16.5842
-16.6487
-16.7482
-16.7942
-16.9443
-17.187
-17.2085
-17.1453
-17.1668
-17.2722
-17.2647
-17.2443
-17.2715
-17.3024
-17.3924
-17.4181
-17.2273
-17.3459
-17.3874
-17.4679
-17.5632
-17.7351
-17.7723
-17.9303
-17.9783
-18.0504
-17.1389
-17.2153
-17.3489
-17.469
-17.6228
-17.7849
-18.2797
-18.7979
-18.8765
-19.007
-19.2284
-19.3201
-19.4665
-19.646
-19.7871
-19.9279
-20.1134
-21.0622
-21.204
-21.3608
-21.6145
-21.7434
-21.9611
-22.0841
-22.1869
-22.4656
-23.5367
-23.6762
-23.8066
-25.0822
-25.3042
-25.4771
-25.6754
-25.8401
-26.0182
-26.1827
-26.4074
-26.6117
-26.7555
-26.9476
-27.1187
-27.3965
-27.5956
-27.8517
-28.1258
-28.3886
-28.5487
-28.7833
-29.0394
-29.1961
-29.4509
-29.7403
-29.9934
-30.2296
-30.4598
-30.7498
-30.9551
-31.1798
-31.3935
-31.6542
-31.8387
-32.0667
-32.2648
-32.627
-33.3539
-33.5247
-33.6627
-33.8141
-34.0614
-34.2548
-34.4326
-34.629
-34.7057
-34.9522
-35.1438
-35.3529
-35.5228
-35.6992
-35.9607
-36.179
-36.3734
-36.5495
-36.7897
-37.0394
-37.2168
-37.4064
-37.5538
-37.6892
-37.8963
-38.0256
-38.1946
-38.4059
-38.5999
-38.805
-38.967
-39.1333
-39.3069
-39.4713
-39.6107
-39.7701
-39.8594
-39.9817
-40.0676
-40.2164
-40.3063
-40.4544
-40.6135
-40.7356
-40.8017
-40.9008
-41.0214
-41.0784
-41.199
-41.2643
-41.3368
-41.4284
-41.5067
-41.6219
-41.7072
-41.7968
-41.8728
-41.9598
-42.0268
-42.1105
-42.1646
-42.2147
-42.2837
-42.3466
-42.4122
-42.4599
-42.5133
-42.5684
-42.5837
-42.6105
-42.646
-42.6933
-42.6936
-42.7685
-42.8091
-42.8363
-42.8556
-42.8586
-42.8972
-42.873
