-6672.93861947412
-6160.3166551397
-6242.43645474391
-5456.92465568204
-5270.65444241467
-5336.94902684499
-5221.40557391438
-4893.73196915637
-4520.66777712388
-4140.54552815758
-3740.7700883487
-3319.54913240431
-3471.23491482641
-3487.77181265685
-3550.24712164195
-3617.75214995416
-3524.83014278389
-3420.77038744311
-3537.57545138815
-3526.22106104564
-3573.50941444467
-3541.75173488837
-3558.04477506936
-3530.93711421881
-3568.79227109067
-3555.12237935985
-3698.76364859372
-3778.11252811206
-3804.95580171341
-3747.13077794705
-3755.43164646619
-3681.81518106862
-3661.96105141492
-3658.00206852617
-3585.42798032302
-3604.90141869838
-3575.05983304745
-3452.0020005965
-3436.11524909214
-3323.55602315538
-3216.36305523236
-3177.52430160372
-3131.9511996465
-3090.07553857036
-3009.543813047
-2967.33618895406
-2956.2881521834
-2916.33067729828
-2832.73754342591
-2830.37043833393
-2845.7457550538
-2838.96695644768
-2787.49607216119
-2746.12361896608
-2734.34807481194
-2700.34982424172
-2660.11121909757
-2647.57553848817
-2650.32502023171
-2584.38204370981
-2589.31607552751
-2561.94548616345
-2545.87837293264
-2482.99375029419
-2398.79613232898
-1869.30279544257
-1847.89443721122
-1833.39527854224
-1792.59396465246
-1805.16028686678
-1787.69392998214
-1797.87160557908
-1795.11467836004
-1777.15061837662
-1787.60540403454
-1767.66891263678
-1752.4817510273
-1766.81676442915
-1735.55055907153
-1745.07262229706
-1743.68227091603
-1716.44538126179
-1746.47296733927
-1733.62681366906
-1724.63584579443
-1712.84860564984
-1697.66489304118
-1704.04875819036
-1724.71831410465
-1721.45603795007
-1731.18668242086
-1699.86175662068
-1692.22063360554
-1712.77902537906
-1683.84593529274
-1696.77468982731
-1695.23645306626
-1676.7238607225
-1673.40194243076
-1672.12365003634
-1654.86557922685
-1655.78945471507
-1652.44328861884
-1648.08484696702
-1669.30777740309
-1699.67969421675
-1722.92004183122
-1743.04622469541
-1765.20390082553
-1780.57714939639
-1782.25522030546
-1812.6862333547
-1819.99902607694
-1820.9224186055
-1826.67667514744
-1825.97302925087
-1832.92109205022
-1829.5224271393
-1861.28241447422
-1873.71535465668
-1880.49752290565
-1889.4648114023
-1902.56013842577
-2589.39002224561
-2595.63037902947
-2589.244852835
-2587.87745542106
-2593.54913847579
-2616.75782279207
-2619.59009716422
-2628.45900551555
-2623.77558657447
-2631.92550743481
-2620.36204647235
-2552.26160744154
-2540.79668880412
-2525.23158775192
-2516.76117238502
-2518.50287394396
-2528.36547054697
-2510.50587961793
-2477.42172654022
-2465.42428750029
-2450.46354422366
-2457.39468053813
-2448.53260134622
-2359.35437793051
-2339.63296240773
-2305.8960510129
-2299.37019985146
-2308.70524344296
-2305.91121647729
-2302.51242242096
-2333.02629831154
-2325.07442808429
-2309.19226377298
-2543.73339993518
-2545.23262674824
-2577.71807494281
-2569.74729488365
-2561.76663737546
-2585.64764434118
-2653.8187725818
-2652.8021406147
-2638.29774635783
-2640.80928621851
-2667.48599301604
-2638.55547028091
-2647.20961914432
-2657.47381586946
-2656.17714018172
-2638.38466795597
-2639.89272559625
-2600.39631595245
-2589.07222588736
-2577.19984749771
-2592.83335730562
-2582.82494872719
-2592.01222696018
-2579.90524544613
-2566.50322596036
-2586.65191104851
-2643.22757806909
-2631.16589189561
-2611.72087349413
-2515.52559105898
-2518.52832733827
-2506.49449891668
-2500.46566444657
-2484.14242410684
-2473.12412753638
-2460.21556459157
-2458.55162461246
-2449.74370841723
-2429.67991971409
-2409.54739763999
-2389.52121978879
-2391.51907039133
-2376.98951823938
-2373.23255994189
-2372.22462505277
-2367.59902692004
-2345.70386351133
-2331.81891987801
-2324.68641712621
-2305.38295867313
-2298.92675732964
-2292.02469653932
-2280.31992936211
-2267.36587220064
-2255.08442489504
-2242.98359196232
-2220.08165362316
-2206.21436571842
-2181.21294249124
-2171.16164203938
-2143.1633775186
-2130.94578406846
-2109.07258480506
-2102.150246041
-1930.90117694355
-1912.70191279359
-1890.41056152543
-1868.42681501939
-1856.66853336056
-1837.11435765001
-1810.40290181752
-1792.26457020192
-1759.42324117724
-1748.52625220411
-1731.07639979413
-1714.66711571096
-1685.11738348568
-1662.5991479521
-1650.18145075403
-1635.03435143556
-1615.47276529508
-1590.9892983433
-1571.4661700052
-1556.12926827103
-1537.12772887071
-1517.45257774687
-1496.05712505446
-1473.71416953894
-1456.3186760493
-1430.36486762722
-1408.60888109219
-1393.14213420806
-1363.71047372502
-1347.2754770484
-1329.26705571255
-1311.14054668883
-1291.21651092321
-1273.08690638677
-1254.14700996425
-1235.6420968389
-1214.50377620905
-1195.80447510976
-1173.49370385241
-1153.17784620705
-1133.88538921895
-1118.08566879876
-1101.64047588588
-1084.66812017295
-1062.39387149556
-1042.97309560698
-1024.56778454699
-1006.10505672203
-991.057576486185
-970.740889451223
-950.647909462309
-935.521349735713
-916.822862927877
-902.11280232423
-888.214426496685
-873.536211550274
-858.45158843707
-844.15233673285
-829.436549302971
-816.476999690831
-800.460700525223
-783.884537141619
-769.577919305909
-755.047028490617
-741.386238987282
-728.60065925392
-714.827095352818
-702.879276080371
-688.805928580925
-676.079288215829
-664.456657043905
-653.06568937328
-639.382400000665
-628.011516114288
-617.546819177866
-606.527167912451
-595.595697091574
-583.78717593539
-573.752848377675
-557.944044264555
