24396.6723554818
22755.1778546864
22296.7337051525
19522.2743977798
17540.6407781658
16781.8078610398
16103.8733375761
15305.5850794426
14585.8021698799
13773.2915299595
12373.7139689794
11670.6830356048
11691.2628341035
11368.5188143767
11679.0098152743
12205.4253293977
11950.9280172931
11578.4493001607
11902.5178989883
11966.5732404326
11863.7921658665
11897.9371261751
11778.94301449
11581.1933472087
11685.9039622874
11717.9744848576
12059.1066183131
12124.9051845745
12312.0579476791
12421.8296165646
12479.5906546938
12346.3106202806
12365.9812185657
12294.3462561723
12286.4375393324
12315.7517842585
12169.749512218
12031.2701356872
12048.6079276801
11969.7521328116
12066.2820477949
12004.8954265632
11883.0949206439
11795.3565747683
11693.0123085264
11590.1773904338
11609.4084419173
11584.0401255628
11395.7997863277
11331.7724647032
11354.2115647716
11291.4740857958
11157.0545238287
11069.557853833
11010.6600445102
10930.5853213228
10852.0247508026
10815.2513113658
10748.8785427659
10551.9249377614
10590.8682411318
10505.9366915057
10430.083460847
10182.0197503246
10060.3685258306
9334.17257709812
9182.23414087355
9082.7272996066
8923.46781837037
8921.89326999147
8843.0306399506
8840.37516655557
8800.86045659379
8721.18305321609
8711.93101172562
8627.31090125408
8580.83160736279
8571.63268402421
8443.71967289929
8442.44104338368
8364.03705382115
8267.39892246316
8278.37033011046
8228.85533540526
8083.86760922647
8088.16217108209
8030.01583504264
8019.53439085524
8134.33456810648
8093.95135947241
8031.75568818603
7954.81590336813
7909.19519086485
7825.91287535975
7762.6421091725
7763.49091675011
7733.41423498026
7695.44122029295
7687.74175923391
7670.27357239552
7614.47754528111
7522.26048188006
7526.64108270738
7536.23632676137
7576.43075377856
7668.65983041804
7707.39568167201
7753.62270783632
7829.06830654263
7807.96618278073
7795.55112136364
7834.511421257
7832.55918956116
7798.92280304273
7768.37450094756
7756.57195263787
7710.33042808915
7672.58113184177
7688.68712892318
7700.36416490959
7674.16761156842
7657.20568228858
7648.15068217627
9183.24765437559
9117.8292012715
9038.46177026088
8978.14342415087
8919.32617571594
8906.41644735729
8865.91476133394
8825.87942008751
8774.03366274006
8745.92665261458
8682.2341172654
8377.19015283645
8214.58546054894
8153.42302953919
8157.90441787443
8152.68858002291
8131.54105012363
8077.83167130906
7981.40547976774
7929.45598478885
7866.37208899571
7845.20256774565
7804.63604431653
7609.00623467612
7490.55619796122
7363.79779964273
7306.94241938001
7294.21269490402
7210.12182117086
7183.41638586384
7210.14945028789
7165.07571476175
7085.74868943508
8248.60371677863
8214.55214266951
8251.2900276086
8165.59968456317
8064.57563161448
8060.64744913912
8033.95376938979
7793.4914008325
7716.16287212519
7666.42424693038
7647.76847331712
7526.06673942974
7489.40289627349
7444.13588441051
7383.03099614082
7277.38306920797
7208.62154904417
6752.34490955408
6673.64476145073
6589.50607099332
6543.91054957533
6476.06922281042
6428.01694917561
6358.60197897459
6293.13677276563
6255.35012406733
6068.37464837456
6000.73454394753
5919.71698153341
5374.41795181835
5326.97716721169
5260.38472046489
5201.29767609236
5129.53046475529
5066.570561267
5003.63142509931
4951.11441940251
4889.53101996196
4819.24558558061
4739.71405882532
4665.77820144497
4614.3978775193
4547.6121514241
4491.40789018674
4437.97106438215
4380.86595684315
4311.50580130747
4244.49287789471
4187.0523825394
4125.65650294102
4071.4762957475
4011.78784675285
3950.68088084244
3891.09937185879
3834.52324898361
3770.14641019256
3701.40355456492
3645.79308547505
3574.3121916823
3521.70388025979
3451.36125418117
3401.4085655006
3340.76525486657
3283.63055130594
2933.49849963793
2887.07241079882
2838.55257019719
2789.53739686646
2746.27146459136
2697.67799283313
2640.80224581295
2595.22413538772
2540.38982979097
2501.59356318189
2459.07449073341
2416.97637115042
2360.46001056455
2313.81972014437
2274.55916425301
2235.71002451698
2193.30508262984
2146.218312441
2101.40965940228
2062.10141780909
2023.85847658298
1984.28617754329
1945.91358754025
1907.50632420974
1870.97295979659
1829.09841899165
1790.36977884688
1757.33615096663
1708.29671996778
1675.373331841
1643.44260851947
1611.44361317066
1577.17075106638
1545.95501590006
1515.42700378399
1484.6384318815
1454.62358635283
1426.02901787007
1395.16907646305
1363.80968430983
1336.73376594436
1311.22182609459
1284.69326470949
1259.45928540008
1230.72131996187
1204.00710410695
1177.74170163431
1154.1979628029
1132.1158176129
1106.36069396352
1080.69913233746
1060.08095289401
1036.03558843928
1015.29219478076
996.657831285725
977.10690797394
957.67416296456
938.850006597683
920.316551834411
903.280171915591
883.881987493053
864.058594616286
846.238602119276
828.431274679735
811.574418978502
796.246182681433
779.733428711026
765.222088583918
749.498656671091
734.9603318694
721.427851227023
707.886582387605
693.047382886184
678.93910378828
666.677473466218
654.157932160958
641.934168468233
629.140850346234
617.492111693343
600.986993435559
