25292.8
23574.3
23154.1
20270.6
18315.4
17610
16929.2
16068.9
15270.3
14382.2
12926.8
12133.6
12195.7
11891.5
12206.7
12730.3
12459.9
12073.2
12417.1
12475.3
12390.3
12413.9
12304.6
12107.5
12218.7
12245.4
12613.6
12699.9
12886.6
12974.7
13032.4
12883.6
12896.8
12827
12798.9
12832.5
12684
12516.7
12529
12422.6
12487.6
12418.3
12288.9
12193.4
12074.1
11964
11979.9
11945.5
11742.6
11679.9
11705.4
11642.9
11500
11405.1
11345.1
11259.2
11173.3
11134.6
11070.8
10863.8
10902.8
10813.8
10736.3
10480.4
10342.4
9519.51
9366.33
9265.92
9101.74
9102.68
9021.92
9021.34
8982.07
8900.41
8893.44
8806.54
8757.96
8751.83
8620.24
8620.91
8543.86
8443.7
8460.59
8409.49
8265.79
8267.54
8207.51
8198.58
8315.17
8274.99
8216.21
8134.41
8088.2
8011.15
7943.17
7946.75
7917.04
7875.99
7867.76
7850.42
7792.23
7702.34
7705.9
7714.34
7758.15
7854.76
7897.62
7947.13
8025.6
8008.42
7996.69
8041.48
8041.23
8008.68
7980.25
7968.6
7925.2
7887.69
7910.77
7925.05
7901.21
7886.88
7881.24
9541.33
9480.09
9402.02
9343.67
9288.75
9282.87
9244.82
9208.96
9157.94
9133.36
9069.04
8757.36
8598.55
8535.52
8537.3
8532.83
8515.55
8458.96
8357.06
8303.89
8239.21
8221.07
8179.71
7966.4
7847.44
7716.39
7660.19
7650.86
7569.88
7543.41
7578.21
7532.88
7452.53
8631.92
8599.83
8644.56
8560.41
8461.68
8465.2
8460.92
8232.61
8154.74
8108.51
8099.62
7975.19
7943.48
7904.26
7846.3
7740.89
7676.8
7235.76
7158.27
7075.56
7038.86
6972.12
6930.94
6862.05
6796.36
6769.06
6619.05
6552.24
6470.25
5933.99
5892.34
5827.02
5771.12
5699.39
5637.95
5575.75
5527.93
5468.89
5397.08
5317.03
5242.07
5197.31
5131.36
5079.86
5032.2
4979.71
4908.3
4842.84
4789.11
4726.08
4675.68
4620.37
4561.55
4503.51
4448.48
4386.91
4316.15
4261.36
4187.29
4137.19
4062.64
4013.79
3950.81
3898.88
3511.95
3463.18
3410.43
3357.46
3315
3263.81
3201.78
3153.95
3090.17
3052.1
3007.27
2963.42
2900.24
2849.21
2810.11
2769.79
2724.03
2671.61
2624.01
2583.37
2541.41
2498.01
2454.54
2410.48
2370.95
2321.97
2278.07
2242.56
2185.86
2149.89
2113.73
2077.46
2038.31
2002.68
1967.08
1931.57
1894.98
1861.05
1823.07
1786
1752.87
1723.2
1692.35
1662.15
1625.84
1592.93
1561.03
1531.15
1504.62
1471.86
1439.32
1413.85
1383.45
1358.17
1335.01
1310.65
1286.11
1262.55
1238.93
1217.6
1192.47
1166.65
1143.84
1120.89
1099.23
1079.29
1057.81
1039.04
1017.94
998.624
980.796
963.119
942.934
924.855
908.748
892.075
875.679
858.269
842.905
820.053
