24739.6
24694.5
24623
24578.7
24534.3
24515.6
24471.2
24430.9
24402.7
24385.9
24353.5
24372.2
24344.7
24290.8
24262.8
24220.9
24179.6
24152.2
24121.3
24102
24106.2
24079.9
24055.8
24035.1
23993.9
23975.8
23932.5
23986.7
23955.1
24001.5
24082.7
24059.1
24029.9
24004
23978.3
23959.1
23917.8
23895.5
23849.8
23796.9
23770.1
23742.4
23701
23667.4
23639
23610.1
23667.9
23642.1
23602.4
23582.2
23527.5
23478.5
23432.7
23413
23374.2
23336.6
23292.7
23244.8
23203.6
23163.5
23101.6
23039.6
22993.4
22946.5
22897.6
22848.6
22811
22753.8
22702.8
22680.4
22620.4
22580.1
22536
22474.9
22432.5
22393.5
22341.6
22301.2
22247.9
22200.1
22147.9
22089
22036
21989.7
21930.4
22003.3
21948.5
21889.1
21828.9
21770.9
21714.2
21651.2
21577.7
21515.6
21452.9
21389.1
21319.1
21260.8
21207.6
21146.9
21083.9
21015.1
20956.8
20890.3
20826.9
20763.7
20696.3
20629
20566.8
20499.7
20434.6
20369.1
20305.2
20242.9
20174.1
20110.1
20046.2
19979.8
19911
19848.7
19782.4
19726.6
19664.3
19602.3
19542.7
19536.1
19477.1
19414.7
19349.9
19286.1
19225.7
19173.9
19111.2
19051.4
18995
18936.2
18879.5
18824.8
18770.5
18714.5
18658.9
18604.2
18549
18494.6
18441.7
18388.3
18337.2
18286.3
18239.4
18189.3
18141.8
18094.1
18045.9
17999.7
17957.3
17915
17873.7
17831.9
17789.3
17747.3
17707.7
17670.9
17631.8
17591.1
17549.8
17511.8
17472
17433.5
17397.5
17364
17330.2
17297.2
17263.2
17229.5
17198.1
17166
17130.1
17097.5
17066.2
17034.6
17003.6
17012.9
16985.2
16956.5
16930
16902.6
16874.8
16848.2
16820.8
16791.7
16766.7
16743.2
16720.9
16698.8
16676.4
16655.1
16630.7
16605.6
16582.4
16561.1
16538.1
16514.4
16491.3
16468.6
16446.7
16425.8
16401
16379.8
16357.8
16332.6
16308.1
16285
16261.3
16238.4
16216.2
16194.5
16173.1
16152.2
16129.9
16106.9
16083.5
16060.3
16037
16013.7
15989
15966.6
15946.7
15929.4
15910.9
15888.3
15866
15843
15820.5
15795.9
15771.4
15746.7
15718.6
15692.6
15666.1
15636.8
15606
15577.7
15550
15518.1
15485.3
15450.1
15414.3
15377.3
15339
15299.7
15260.2
15220
15178.5
15136.4
15093.4
15051.4
15007.6
14962.9
14916.7
14868.2
14816.7
14764.2
14712.7
14658.6
14602.6
14544
14484
14422.3
14357.2
14291.3
14229.6
14156.7
14082.6
14005.4
13928
13848.7
13770.1
13685.3
13600
13513.2
13425.6
13333.1
13241.3
13144.3
13047.7
12946.5
12849
12744.4
12637.8
12532.5
12430.1
12319.4
12205.1
12091.6
11980.6
11863.1
11761.4
11662.3
11539.8
11419.6
