17163.9
17175.8
17177.8
17180.2
17176.6
17171.4
17155.1
17173.4
17153.1
17130.9
17117.5
17106
17086.6
17116.3
17099.6
17075.8
17058.5
17038.8
17012.4
16997.2
17021.2
17037.1
17011.3
16988.9
16970.6
16951.1
16929.9
16908.4
16949
16929.1
16974.1
16947
16913.4
16888.6
16864
16832.5
16810.1
16780.1
16752.7
16731.2
16699.9
16675.3
16650.6
16624.4
16646.9
16620.9
16599.7
16609.2
16580.1
16550
16516.9
16476.3
16444.4
16414.8
16382.7
16396.2
16359.2
16325.2
16291.6
16257.2
16267.7
16225.3
16188.9
16148.6
16110
16072.3
16033.1
15996.1
15957.5
15921.2
15940.7
15900
15862.8
15819.3
15777.6
15737.6
15691.4
15698.4
15652.7
15607.2
15564.4
15520.4
15478
15431.9
15388.2
15343.3
15300.1
15253.8
15208.4
15167.7
15121.5
15076.2
15031.9
14987.4
14942.2
14897.9
14853.7
14807.1
14760.4
14710.5
14666.5
14620.3
14574.8
14527.4
14480.7
14435
14391.1
14345.5
14301.4
14254.7
14210.1
14166.6
14123.8
14074
14033.3
13991.1
13951
13910.9
13869.6
13827.8
13788.1
13745.4
13703.1
13661.6
13621.8
13582.9
13544
13505.7
13468
13465.1
13430.8
13395.8
13360.6
13325.9
13290.6
13255.6
13220.4
13185.7
13151.8
13117.8
13085
13052.1
13020.5
12987.5
12956.1
12925.2
12894.6
12864.8
12836.2
12807.3
12779.1
12752.6
12726.6
12699.7
12673.6
12648
12621.9
12596.7
12572.5
12548.3
12524
12499.6
12476
12451.9
12428.2
12404.7
12381.2
12358.3
12354.8
12334.5
12313
12293
12272.5
12252.2
12232.2
12212.7
12193.9
12174.3
12155.5
12136
12136.5
12117.7
12097.9
12078.1
12058.8
12041.6
12024.4
12008.6
11993.1
11977.2
11960.5
11943.9
11928.2
11912.6
11897.2
11881.4
11866.5
11851.3
11835.5
11819.9
11804.6
11789.8
11774.2
11760.4
11747.2
11733.4
11720.3
11705.8
11692
11677.7
11664.9
11652.1
11640.2
11626.9
11614.5
11602.1
11589.4
11576.2
11564
11551.6
11538.7
11525.4
11512.4
11499.6
11486.9
11474.2
11463
11452.4
11440.9
11429.9
11418.7
11408
11396.8
11386.4
11376.8
11366.3
11356.2
11346.3
11335.6
11325.9
11316.5
11306.7
11296.3
11286
11276.2
11265.9
11254.8
11243.6
11232.4
11221.3
11210.2
11199.5
11188.5
11178.4
11168.4
11158.3
11148.2
11138
11127.3
11116.6
11106.6
11096.6
11086
11075.5
11063.8
11052.8
11042
11031.8
11021.5
11012.3
11002.1
10990.8
10979.2
10967.7
10955.8
10943.6
10934.4
10924.9
10915.1
10904.8
10893.1
10880.1
10867.8
10854.3
10839.5
10823.7
10808.1
10793.5
10778.7
10763.6
10749.2
10732.8
10716.1
10700.7
10684.8
10667.4
10649.3
10630.8
10614.2
10595.4
