-19.1604
-19.2744
-19.3426
-19.4906
-19.5967
-19.7664
-19.8737
-19.9199
-20.0142
-20.1167
-20.2162
-20.2928
-20.3474
-20.4043
-20.4923
-20.5009
-20.5355
-20.5891
-20.604
-20.635
-20.6922
-20.7251
-20.7751
-20.7863
-20.8179
-20.8525
-20.8933
-20.9254
-20.8356
-20.8993
-20.9588
-20.997
-21.0596
-21.1083
-21.1695
-21.2335
-21.3003
-21.3682
-21.4246
-21.4826
-21.5467
-21.5851
-21.6671
-21.7425
-21.8106
-21.8822
-21.9688
-22.0613
-22.1376
-22.2402
-22.3339
-22.4293
-22.7168
-22.7962
-22.8882
-22.9942
-23.1253
-23.2457
-23.3584
-23.4986
-23.6302
-23.7697
-23.9109
-24.0536
-24.2077
-24.3504
-24.4937
-24.665
-24.7955
-24.9856
-25.1828
-25.3556
-25.5272
-25.7117
-25.9052
-26.0832
-26.3005
-26.49
-26.6899
-26.9091
-27.1379
-27.3592
-27.5769
-27.801
-28.0305
-28.2516
-28.4712
-28.6929
-28.9436
-29.1946
-29.4784
-29.6967
-29.9602
-30.213
-30.4747
-30.7421
-31.0148
-31.2759
-31.548
-31.7969
-32.078
-32.3477
-32.6024
-32.8927
-33.2324
-33.5091
-33.7846
-34.0274
-34.2723
-34.6023
-34.9461
-35.2495
-35.5276
-35.7787
-36.0883
-36.3599
-36.6536
-36.9279
-37.2282
-37.4406
-37.8193
-38.1274
-38.4325
-38.7441
-39.053
-39.3606
-39.6239
-39.9125
-40.2157
-40.503
-40.8187
-41.1304
-41.4202
-41.7048
-41.9957
-42.2827
-42.5658
-42.8656
-43.1463
-43.4454
-43.7086
-43.9857
-44.2693
-44.542
-44.8129
-45.0933
-45.375
-45.6283
-46.3311
-46.5659
-46.7931
-47.0339
-47.274
-47.5121
-47.7349
-47.9739
-48.2044
-48.4249
-48.6494
-48.8734
-49.0925
-49.315
-49.5282
-49.7427
-49.9416
-50.1506
-50.3481
-50.539
-50.7355
-50.9254
-51.1041
-51.29
-51.6035
-51.766
-51.9269
-52.0784
-52.2256
-52.373
-52.5107
-52.6574
-52.7872
-52.9189
-53.0437
-53.1575
-53.4172
-53.5208
-53.6166
-53.6977
-53.7798
-53.8605
-53.924
-53.9908
-54.0442
-54.1014
-54.1443
-54.189
-54.2265
-54.2447
-54.2654
-54.2838
-54.2832
-54.2838
-54.2677
-54.2561
-54.225
-54.1927
-54.1552
-54.0998
-54.0405
-53.9733
-53.8915
-53.8061
-53.705
-53.5961
-53.4802
-53.3582
-53.2184
-53.064
-52.9046
-52.7377
-52.5489
-52.3602
-52.1612
-51.9557
-51.728
-51.4936
-51.2471
-50.9977
-50.727
-50.4455
-50.1536
-49.8533
-49.5496
-49.2246
-48.8898
-48.5481
-48.1953
-47.8224
-47.4408
-47.0573
-46.6596
-46.2499
-45.8389
-45.411
-44.9782
-44.5305
-44.0777
-43.6165
-43.1497
-42.6714
-42.1864
-41.6997
-41.2034
-40.7022
-40.1952
-39.6869
-39.1751
-38.6585
-38.1377
-37.6138
-37.0864
-36.5547
-36.0254
-35.4942
-34.9608
-34.4253
-33.8896
-33.3571
-32.8255
-32.2982
-31.7736
-31.2397
-30.7129
-30.191
-29.6761
-29.1614
-28.6491
-28.1288
-27.6302
-27.1186
-26.6243
-26.1218
-25.6364
-25.1496
-24.6724
-24.1924
-23.7224
-23.2583
-22.7946
-22.3376
-21.8922
-21.4462
-21.0046
-20.5693
-20.1434
-19.7135
-19.3047
-18.8945
-18.4836
-18.0892
