-317.678853604504
-321.335967195262
-323.124419446077
-329.38912987227
-334.062093886303
-340.878062091752
-345.15250419167
-348.692262281273
-353.725344525275
-359.228115970532
-363.87149407844
-367.900843703171
-370.935081967174
-373.430862390976
-376.712197974399
-378.211844215339
-380.566033665858
-383.077671524178
-384.271883329334
-385.892660905109
-387.770605980303
-389.354461119559
-390.635390269933
-390.268852396441
-391.102380946068
-392.122153335451
-393.58619150801
-393.810202381209
-411.068316270483
-412.32242423418
-413.515087377742
-412.923309501729
-413.027703209934
-413.100161981508
-413.394306373861
-413.586845816166
-413.777768402631
-414.342880349808
-414.526730989891
-415.017289462512
-415.106021538032
-414.48613461908
-415.146987275944
-415.57346219212
-415.485307938522
-415.709039013826
-416.195563960179
-416.752672998521
-416.493800934197
-417.06982208475
-417.331253450356
-417.331867076734
-440.693068488743
-439.83053723873
-439.200084027497
-438.877824392936
-439.723189007167
-439.802028919707
-439.372806469729
-439.823417730179
-439.820908926392
-440.223636468941
-440.46852193514
-440.84236412624
-441.479706767605
-441.479015905718
-441.388342208038
-442.029410739587
-440.525963629399
-442.352641941617
-443.753414226386
-444.135351557339
-444.423630154533
-444.893061859581
-445.586145725569
-445.642236597715
-446.871770488193
-447.183477326283
-447.481645640498
-448.528500498866
-449.63376057285
-450.481811171215
-451.109696030259
-451.522453589228
-452.032980568654
-452.297960006199
-452.283307354111
-452.120745628909
-452.893952424853
-453.316889238109
-454.408281872552
-453.927081947661
-454.236715324474
-454.143410461579
-454.211073469647
-454.283921085817
-454.378473404215
-454.040425301585
-453.675105208262
-452.649776877329
-452.418131323927
-451.612296206469
-450.429484569976
-449.885238479179
-450.098937283693
-449.096327833146
-447.828332175057
-445.79234075549
-443.534841423767
-443.13470077816
-442.50949451674
-441.055256624982
-439.282294621154
-436.703625014527
-435.178718014874
-432.920216571856
-430.868964064944
-428.416267518044
-426.21561085534
-422.254098135822
-421.530808967991
-419.084537857157
-416.325061921972
-413.743036015072
-411.063275694288
-408.332821952009
-405.176834462535
-402.125746430672
-398.99958068129
-395.690088241486
-392.712402538233
-389.590253424718
-386.243448961522
-382.867416600559
-379.236298347455
-375.727851081362
-372.036676789289
-368.480969883788
-364.849429223794
-361.10972994052
-357.152476533392
-353.490411059073
-349.685963195756
-345.597609222511
-341.831408973835
-337.80331462555
-333.713935812461
-329.737761544943
-324.115105119763
-320.048055620715
-316.029013751708
-311.930484975201
-307.788487277765
-303.693888709281
-299.564117314337
-295.544069488553
-291.366933856959
-287.153023585111
-283.106565875258
-279.003041232014
-275.023886888789
-270.940112010125
-266.765139786493
-262.58927960708
-258.474117467687
-254.462249522458
-250.39689371466
-246.387440324972
-242.415292308504
-238.464032226504
-234.476407229346
-230.571669830052
-224.354869112875
-220.627585012862
-216.90557664185
-213.222083769548
-209.499987217873
-205.864295983593
-202.215068210316
-198.632447088799
-195.096823334673
-191.564419080617
-188.09321064493
-184.607761855198
-180.122536792391
-176.852584028346
-173.568137792284
-170.302936557564
-167.070279989444
-163.874035622243
-160.708960289796
-157.599155070951
-154.522193367006
-151.439153158557
-148.523166631444
-145.557684776478
-142.634189500549
-139.746167188954
-136.848915482782
-134.092400204919
-131.310590634966
-128.594088109084
-125.874700929554
-123.280230948837
-120.689377167059
-118.108424304472
-115.594874271
-113.099348139743
-110.668818112802
-108.218709158738
-105.886120897136
-103.541074821861
-101.269767761919
-98.992944271113
-96.7917573477285
-94.6305597985644
-92.5090901722081
-90.3968536233351
-88.33618804
-86.3186899751833
-84.3410259240185
-82.3952015303682
-80.4942268811108
-78.6203567140469
-76.7753246046031
-74.9606261284549
-73.1986216171565
-71.4721791821919
-69.7614222996796
-68.1015810401291
-66.4691685671173
-64.8597770316998
-63.3059086045649
-61.760136158728
-60.2577007973094
-58.7854790415341
-57.3548036328071
-55.9433074689153
-54.5558947542174
-53.2139213996774
-51.8937427242015
-50.6025945417381
-49.3474665665048
-48.1109511240396
-46.9104848390136
-45.7328690195084
-44.5865431522611
-43.4646175263916
-42.3681680105104
-41.2966917653939
-40.2537341746609
-39.2381157828979
-38.2447189780503
-37.2755434656776
-36.3303084202792
-35.4089622321343
-34.5105594258369
-33.6333710054197
-32.7754805831332
-31.9421162723369
-31.1296921958285
-30.3332772274103
-29.5610505684427
-28.8089396711013
-28.0730785894125
-27.3533284453753
-26.6531815457728
-25.972974238895
-25.3113384711922
-24.669287603615
-24.0462358555079
-23.4263049795764
-22.8267038446384
-22.2460372024409
-21.6853660251032
-21.132622277936
-20.5964380368048
-20.0637200963947
-19.557862955877
-19.0515767685085
-18.5702674031793
-18.0894218450799
-17.6335202553771
-17.1821132538137
-16.7477261814987
-16.3165141851181
-15.90145573018
-15.4973013106666
-15.0986001421407
-14.7112978978389
-14.3392080279038
-13.9717935406978
-13.6115465680305
-13.261400159738
-12.9236212992155
-12.5868855642855
-12.2683282632164
-11.9522130916168
-11.6411738086301
-11.3435825561184
