914.283559721232
918.907465945666
920.503902467358
930.651413178419
938.326364219454
948.570244306963
954.842471274827
962.207430768006
971.103481118503
980.751110932973
988.111540362283
994.949442586152
1000.22400944289
1003.89471610022
1007.97547827182
1011.52508980017
1015.95069079155
1019.75062955588
1022.12210649341
1024.74965443252
1026.62778724213
1029.03311730298
1029.70272796019
1028.13049120681
1028.61612821223
1029.42640011978
1031.06211585637
1029.91674134392
1080.1228306811
1079.80527919327
1079.56327976223
1075.87036977981
1072.6376202992
1070.11250930491
1067.47923649956
1064.44417508286
1061.26867699737
1059.0081821702
1056.41219142664
1054.52179301672
1051.29437803256
1047.6683953468
1044.96450995032
1042.03940425574
1038.23028143434
1035.03775529311
1031.73737110753
1028.33009994291
1023.77266826351
1019.95219907905
1015.84632587491
1011.05516799146
1052.64361884067
1046.50978538774
1040.32988219614
1034.2224303099
1029.65647739883
1023.87880677261
1017.35659890469
1011.59220346746
1005.26564696659
999.551894547783
993.463423626795
987.660521835103
981.983922532538
975.478862618211
968.82060685291
962.589316864265
953.582220769866
949.251098375594
943.759292278717
937.220585773189
930.616301737868
923.936623589089
917.436533574629
910.344518223835
904.156454570086
897.303455474442
890.10907444811
883.750066125168
877.230040441569
870.584281218023
863.741249942069
856.352307939766
849.059717653722
841.711063098989
834.001668106741
826.0584347496
818.942445119311
811.294606068279
803.870869972681
795.925406114468
788.024716030679
779.889430020901
771.876578177205
763.822278726469
755.770496409363
747.473396727907
738.940212696042
730.137558079232
721.831851392945
713.0649845029
704.251960564559
695.611015168343
686.975094957663
678.276451611571
669.347086245475
660.233038470313
650.873479321591
642.305153227226
633.236091961394
624.090308468631
615.223975124811
605.979208702882
597.035035657817
588.05992766416
579.033098203032
570.018592636159
560.944822655678
551.475107413294
543.056423269987
533.952252832641
524.659865817528
515.621899804528
506.661861458391
497.810059412934
489.358896663706
480.723834130964
471.889898007104
463.244450396812
454.661612610575
446.117647780789
437.795949573895
429.648494090942
421.248151645464
413.170067031461
405.071859240533
397.010491591221
389.255633406983
381.257234447144
373.626424930123
366.23291399093
358.72085072359
351.167394142287
344.07123960012
336.704949663636
329.373973623534
322.584175266441
309.394707506778
303.015420832669
296.842625899857
290.535024943872
284.277750369713
278.166212631288
272.24900744297
266.352952750942
260.471845416726
254.723307818364
249.158527944195
243.618059692395
238.296184695816
232.92187942085
227.611976351625
222.355673710915
217.334872508533
212.381913959194
207.528656194872
202.824614904376
198.163924241983
193.618992442056
189.170908008652
184.788820984337
177.799164594057
173.828885322298
169.911311706038
166.11799851001
162.354973658681
158.691451188082
155.105089177297
151.550899002663
148.155256908823
144.779722279419
141.513606406882
138.317940238476
133.686924224001
130.764698747395
127.887863256521
125.110469429502
122.367437025742
119.672139656145
117.087907161982
114.541156781842
112.084919619231
109.618025395549
107.337931197542
105.022000088131
102.770770112525
100.622472465136
98.4612880892095
96.4126663477564
94.4146264468409
92.4593704953329
90.5577930986365
88.7291414260352
86.9638964629997
85.2053597687071
83.5071293439775
81.8708759838646
80.2861437205421
78.7025711715722
77.2375515559444
75.7636840757741
74.3764347185791
72.9942943628905
71.6739095455135
70.3860293041902
69.1593178430085
67.9607363924297
66.7969863583812
65.6675073759329
64.6028555567324
63.5440750091621
62.5250754802604
61.5229068815512
60.5726005671527
59.640046621293
58.7541965289149
57.8817801488401
57.0441860379809
56.2474941017351
55.4712803169906
54.7074174531954
53.9736447855847
53.2636628870507
52.5850365202111
51.9210845297684
51.2895795662446
50.6864542602696
50.0950654568566
49.5233819208559
48.9713199879723
48.4416151453939
47.9231702319211
47.4256265286003
46.9461955972864
46.4885780596104
46.0455901877862
45.6160332086701
45.1969647152678
44.7976428450655
44.4148651804296
44.0403599777284
43.6813601287776
43.3334515974482
42.9984206567798
42.6701481822279
42.351691651288
42.0436817161841
41.7435242421463
41.4570239420838
41.1811451686688
40.9113287572657
40.6493877426213
40.3972932419592
40.1509492509538
39.9107120973733
39.6796748169397
39.4543318937946
39.2371471521152
39.0256686058052
38.8225385165794
38.6210085996453
38.4248410703177
38.2363328576056
38.0553699291874
37.8722650253201
37.6996342315952
37.530592653108
37.3627624113787
37.2002613920067
37.0447165769211
36.8895707554418
36.7440716557543
36.5973765472762
36.4584192328678
36.3187743213733
36.18608256362
36.0565433575712
35.9276286086036
35.8029086864607
35.6839367919586
35.5673676211231
35.4507837831033
35.3388651323624
35.2327377272114
35.1277261985683
35.0236358144891
34.9204958255547
34.8249246541506
34.7279003648727
