967.902
973.472
975.57
987.223
996.019
1007.96
1015.31
1023.44
1033.52
1044.47
1052.98
1060.79
1066.79
1071.1
1076.07
1079.92
1084.89
1089.33
1091.97
1095
1097.42
1100.23
1101.31
1099.71
1100.46
1101.58
1103.63
1102.64
1155.7
1155.85
1156.05
1152.39
1149.41
1147.08
1144.73
1141.97
1139.08
1137.18
1134.83
1133.25
1130.28
1126.68
1124.41
1121.85
1118.28
1115.4
1112.52
1109.57
1105.25
1101.93
1098.23
1093.8
1141.17
1135.18
1129.24
1123.49
1119.62
1114.34
1108.18
1103.07
1097.27
1092.2
1086.73
1081.58
1076.66
1070.73
1064.63
1059.23
1050.42
1047.26
1042.88
1037.13
1031.29
1025.47
1019.92
1013.57
1008.56
1002.56
996.26
991.056
985.75
980.23
974.448
968.097
961.892
955.537
948.746
941.693
935.831
929.352
923.415
916.268
909.568
902.482
895.601
888.706
881.844
874.568
867.095
859.065
851.894
844.047
835.977
828.415
821.294
813.478
805.342
796.642
787.629
780.336
772.53
764.211
755.956
746.941
738.804
730.229
721.753
713.065
704.499
694.567
687.458
678.776
669.772
661.097
652.441
643.856
635.327
626.738
617.965
609.234
600.783
592.285
583.823
575.487
566.807
558.463
549.995
541.66
533.512
525.126
516.87
509.001
500.96
492.703
485.009
476.95
468.884
461.289
448.08
440.737
433.578
426.276
418.984
411.833
404.794
397.857
390.82
383.85
377.133
370.395
363.9
357.297
350.672
344.086
337.703
331.447
325.218
319.131
313.104
307.17
301.272
295.483
286.265
280.879
275.532
270.294
265.046
259.929
254.85
249.845
244.975
240.121
235.383
230.677
224.313
219.946
215.595
211.319
207.09
202.919
198.839
194.826
190.893
186.949
183.25
179.49
175.802
172.203
168.589
165.155
161.73
158.383
155.065
151.891
148.757
145.635
142.603
139.622
136.724
133.811
131.063
128.3
125.648
122.995
120.44
117.937
115.503
113.094
110.748
108.458
106.24
104.052
101.925
99.831
97.7931
95.7916
93.8621
91.9705
90.1149
88.3267
86.5749
84.851
83.1913
81.5557
79.9761
78.4317
76.9428
75.4902
74.0666
72.6931
71.3523
70.0515
68.7881
67.5563
66.3667
65.2126
64.0949
63.0079
61.9502
60.9282
59.942
58.9846
58.0579
57.1599
56.2917
55.4485
54.6319
53.8412
53.0731
52.3353
51.6231
50.9298
50.2616
49.6175
48.9918
48.3846
47.8003
47.236
46.6928
46.169
45.6663
45.1705
44.6937
44.2369
43.8003
43.3693
42.959
42.557
42.1721
41.795
41.4387
41.0861
40.7562
40.4301
40.1211
39.8156
39.5258
39.2459
38.9713
38.7075
38.4572
38.2132
37.9741
37.7452
37.5282
37.3147
37.1102
36.9093
36.7191
36.5336
