15710.6
15726.4
15741.9
15752.3
15750.9
15923.9
15917.3
15911
15903
15896.6
15897.2
15890.9
15881.8
15878.3
15859.9
15852.1
15837.4
15822.7
15807.9
15789.9
15775.9
15762.9
15742.8
15723.8
15710.9
15693.6
15682.3
15666.5
15642.1
15625.3
15611.1
15599.2
15678.1
15656.5
15629.9
15597.5
15581.9
15562.2
15538
15514.1
15487.9
15522
15579.7
15551.1
15524.4
15492.7
15464
15430.3
15398.1
15364.4
15333.5
15337.9
15305.4
15273.2
15236.8
15202.8
15167.3
15130.3
15098.7
15126.3
15092
15055
15017.8
15042.2
15003.6
14969.7
14931.3
14895.7
14857.4
14820.6
14783.3
14742.4
14708.1
14671.3
14633.1
14594.6
14553.7
14517.2
14479.2
14439.1
14460.5
14418.6
14376.6
14335.6
14294.5
14253.4
14211.7
14171.8
14130.5
14090.2
14049.7
14008
13966.7
13924.8
13884.6
13843.9
13804
13762.4
13723.5
13683.8
13642.5
13599
13560.9
13518.9
13480.7
13439.9
13396.6
13356.4
13317.2
13278.9
13238.8
13200.3
13163.8
13128.9
13090.5
13052.9
13014.3
12977.8
12940.8
12903.2
12866.4
12828.8
12792.8
12754.4
12718.4
12683.2
12649.6
12616.7
12582.8
12548.9
12517.2
12485.1
12452.5
12420.9
12387.9
12356.8
12325.6
12296
12266.2
12235.9
12208.2
12181
12152.6
12124.1
12095.8
12067.9
12039.8
12012.7
11986
11960.2
11963.6
11938
11914
11889.1
11865.5
11841.1
11817.2
11793.8
11771.4
11748.9
11728
11708
11686.6
11664
11641.7
11620.3
11598.6
11578.9
11559.5
11541.6
11523.4
11503.5
11483.4
11464.3
11444.9
11425.9
11408.1
11390.9
11374
11356.5
11338.7
11321.1
11303.6
11320.4
11302.7
11285.3
11268.2
11251.4
11234.6
11218.2
11202.5
11187.4
11172.4
11156
11141.5
11128
11112.3
11097.6
11083.5
11069.7
11055.5
11041.6
11027.2
11013.5
10999.2
10985.1
10972.5
10960.4
10948.1
10934.7
10922.3
10910.4
10899.9
10888.7
10877.1
10865.3
10853.9
10842.2
10831.1
10820.5
10810.1
10799.6
10789.4
10779.4
10769.7
10759.7
10749.2
10738.8
10728.1
10717.9
10708
10697.9
10688
10679.3
10670.2
10660.7
10651.9
10642.3
10632.2
10622.2
10612.6
10602.9
10593.4
10583.3
10573.1
10563
10553.3
10543.7
10534.8
10526.5
10518.4
10510.7
10502.5
10494.7
10486.4
10478.2
10470.3
10462.1
10454.6
10446.3
10437.7
10428.8
10419.9
10411.4
10402.3
10393.4
10383.5
10373.3
10362.9
10352.6
10342.5
10332.1
10321.6
10311
10300.5
10289.9
10279.6
10268.7
10257.9
10246.8
10235.1
10223.4
10211.9
10199
10185.9
10172.7
10159.5
10145.7
10131.6
10118
10105
10091.3
10077.5
10063
10048
10032.5
10017.1
10000.3
9983.37
9966.44
