-13.7099
-13.5293
-13.3575
-13.2208
-13.0887
-12.929
-12.7815
-12.6431
-12.5558
-12.4523
-12.0708
-12.017
-11.9696
-11.9357
-11.9096
-11.8816
-11.8623
-11.8527
-11.8541
-11.8599
-11.8622
-11.8647
-11.8755
-11.896
-11.9102
-11.9217
-11.9319
-11.9555
-11.9812
-12.0138
-12.0494
-12.0772
-12.1106
-12.133
-12.1728
-12.2
-12.2315
-12.2684
-12.3049
-12.35
-12.3832
-12.4205
-12.4574
-12.4939
-12.5252
-12.5614
-12.6019
-12.6388
-12.6746
-12.7111
-12.7458
-12.779
-12.8222
-12.8616
-12.9004
-12.9413
-12.9861
-13.0273
-13.0715
-13.1143
-13.1558
-13.1937
-13.2337
-13.2759
-13.3206
-13.3621
-13.4064
-13.4574
-13.5066
-13.5537
-13.604
-13.6493
-13.6976
-13.75
-13.7945
-13.8451
-13.8915
-13.9427
-13.993
-14.0532
-14.1064
-14.1688
-14.2295
-14.2856
-14.3456
-14.4026
-14.4548
-14.5148
-14.5789
-14.6467
-14.9499
-15.0048
-15.057
-15.1134
-15.1656
-15.2352
-15.2932
-15.3546
-15.4187
-15.4811
-15.5455
-15.6132
-15.6762
-15.744
-15.8146
-15.8875
-15.9566
-16.0283
-16.0917
-16.1648
-16.2369
-16.3136
-16.3774
-16.4505
-16.5143
-16.6221
-16.6791
-16.7448
-16.8148
-16.8825
-16.9553
-17.0331
-17.1003
-17.1451
-17.2047
-17.2945
-17.3614
-17.4405
-17.4913
-17.5438
-18.1396
-18.1743
-18.2304
-18.2877
-18.7022
-18.7523
-18.8056
-18.8604
-19.268
-19.3064
-19.3554
-19.3978
-19.4551
-19.8391
-19.8817
-19.9094
-19.9575
-19.9897
-20.0354
-20.0757
-20.1162
-20.156
-20.1817
-20.222
-20.2476
-20.2864
-20.3081
-20.3425
-20.365
-20.3922
-20.4024
-20.4232
-20.4467
-20.4582
-20.4742
-20.9169
-20.9102
-20.9066
-20.9013
-20.8894
-20.8704
-20.8607
-21.2178
-21.1894
-21.1541
-21.1259
-21.0972
-21.054
-21.0114
-20.9635
-20.9182
-21.1975
-21.133
-21.074
-21.0054
-20.9435
-20.8788
-20.8069
-20.7348
-20.6628
-20.5904
-20.5101
-20.4396
-20.3605
-20.2851
-20.2041
-20.1232
-20.0377
-19.9481
-19.8663
-19.7774
-19.6899
-19.5998
-19.5069
-19.4222
-19.3289
-19.2358
-19.1414
-19.0429
-18.94
-18.8441
-18.7413
-18.6347
-18.5293
-18.4255
-18.318
-18.2131
-18.102
-18.0803
-17.9565
-17.8345
-17.7067
-17.5786
-17.4516
-17.3223
-17.192
-17.0628
-16.9315
-16.798
-16.6631
-16.5251
-16.3863
-16.25
-16.114
-15.9746
-15.8342
-15.6943
-15.5531
-15.4095
-15.2679
-15.1228
-14.9784
-14.8332
-14.6874
-14.5409
-14.3941
-14.2455
-14.0971
-13.9473
-13.7971
-13.6475
-13.4986
-13.3474
-13.1964
-13.0457
-12.8945
-12.7427
-12.5915
-12.44
-12.2906
-12.1398
-11.9883
-11.8377
-11.6892
-11.5393
-11.3885
-11.2398
-11.0904
-10.9427
-10.7956
-10.6506
-10.5024
-10.3568
-10.2133
-10.0717
-9.9284
-9.787
-9.64437
-9.50573
-9.3664
-9.22912
-9.08892
-8.95527
-8.81979
-8.68749
-8.55423
-8.42391
-8.29503
-8.1652
-8.03859
-7.91488
-7.78981
-7.66544
-7.54416
-7.42434
-7.30376
-7.18674
-7.06974
-6.95491
-6.84158
