-83.5064620252715
-82.1554892099674
-80.8876103010744
-79.8642248545932
-78.887746345246
-77.7647238776242
-76.7474928314628
-75.7186321137079
-75.0220514985404
-74.2491310899296
-72.0233047886439
-71.5571205523542
-71.132784347342
-70.7896878924484
-70.4813212870192
-70.1761433959417
-69.9418895337482
-69.7809336713124
-69.6403337751049
-69.5779421144543
-69.4685236230278
-69.3635001600043
-69.3080234349025
-69.2936040790445
-69.2624416677651
-69.2223783289557
-69.1482194374464
-69.1891585247241
-69.2460391331548
-69.3309438909901
-69.4517331164134
-69.5099993395911
-69.6156548283161
-69.6176407237436
-69.7291244730615
-69.764443729021
-69.8352654563501
-69.9334991833603
-70.0181599224083
-70.1963803046373
-70.2656972087892
-70.3757332847658
-70.4853039000916
-70.5663162774812
-70.6092902396047
-70.6972129464598
-70.8182737973503
-70.9063034023888
-70.9882356976231
-71.0810485781301
-71.1362005963989
-71.1772961987586
-71.2885025796339
-71.3694230971362
-71.4294891146687
-71.5257849888484
-71.6592594588089
-71.746306104892
-71.8452782451562
-71.9366386072824
-72.0184781395965
-72.0618229942827
-72.1411097764891
-72.2382021269517
-72.3447885164582
-72.4006116653772
-72.5133716710679
-72.6452069429016
-72.7640983504174
-72.8783427712444
-73.0235219398711
-73.1089237004503
-73.2239281820082
-73.3474895129337
-73.4136021730332
-73.5323869056734
-73.5955989912932
-73.6940242036456
-73.7945135079506
-73.9689014579647
-74.0875101667884
-74.2655940907135
-74.439055336325
-74.5687611684126
-74.7207859683505
-74.8591851655896
-74.9427605615994
-75.0857634139999
-75.2513538496009
-75.4510643376952
-78.348352202889
-78.402676524194
-78.4322146450518
-78.5051113130964
-78.5347213343421
-78.6837609455672
-78.7467042603569
-78.8286095943629
-78.9311799292684
-79.0164730802663
-79.1084793276749
-79.2256303820588
-79.2998030442181
-79.4026674729812
-79.5264629342292
-79.64957582137
-79.7472948546567
-79.8579746453497
-79.9096879111206
-80.0339105344975
-80.1369223061897
-80.2684194589405
-80.2996899088227
-80.391657308731
-80.4181959710409
-80.7513094847391
-80.7241713881482
-80.7438007252278
-80.7814699345884
-80.8085981080925
-80.8584310628944
-80.9443070904388
-80.9442102825891
-80.7896753904227
-80.7272104321347
-80.8738196306815
-80.8616412728362
-80.9183167193763
-80.7889881065546
-80.6594268128169
-84.46783889485
-84.196655399845
-84.0566869385897
-83.9337517882303
-86.3502315143709
-86.1431048054693
-85.9432797075521
-85.7643803544715
-87.9970328633397
-87.6681418004667
-87.4158099403175
-87.1210148191989
-86.9161068741441
-88.7390253827291
-88.414813069415
-87.9963202909633
-87.6920272064016
-87.3087991052869
-86.9948735698929
-86.6525594360089
-86.3107812173568
-85.9655109235434
-85.5378760301297
-85.1937663223138
-84.772092877096
-84.4190729623638
-83.9801017981626
-83.6042725356595
-83.1760396043895
-82.766706282579
-82.2806353103389
-81.8490262674515
-81.4249537581224
-80.9532400096798
-80.5017491062111
-81.9863737847859
-81.4102286681994
-80.8587172121831
-80.3004300356034
-79.7215517841304
-79.1093450463904
-78.5500417725837
-79.48142432002
-78.8251080283081
-78.1538104846638
-77.5209743294843
-76.8938583975732
-76.2061302979005
-75.5404509418098
-74.8536549524327
-74.1921741982646
-74.6482708066548
-73.9033595838869
-73.1979995378162
-72.4557736783028
-71.7546580937985
-71.0503709406331
-70.3277851610945
-69.6122775880656
-68.9033626196158
-68.1994207913065
-67.4747342697809
-66.7917726024732
-66.0850259956456
-65.4144905132389
-64.720431480923
-64.0354624258602
-63.3432140751741
-62.6365456270254
-61.9765260091588
-61.2920948568259
-60.6236875819336
-59.9496396009921
-59.2855594099962
-58.6473787849315
-57.9868708564366
-57.3379773545271
-56.6897513344109
-56.0408423382547
-55.3736271905319
-54.7468753792687
-54.1023363367177
-53.4572731632476
-52.8194866468203
-52.1963324428246
-51.5707056507884
-50.9600588046157
-50.3340244805201
-49.8266275703371
-49.1838182476611
-48.55581803545
-47.9149182723856
-47.2820806943715
-46.6638479901583
-46.0438091595152
-45.4250968374454
-44.8225003732955
-44.2189227554432
-43.6167915052238
-43.0204286367435
-42.4209732690638
-41.8262171812348
-41.2479159842244
-40.6770860872844
-40.1040495752271
-39.5352598667579
-38.9753952231545
-38.419733139283
-37.8634624204223
-37.3197614768682
-36.7738252608808
-36.2351158979941
-35.7043804572767
-35.1763574485098
-34.652825270588
-34.1349073835848
-33.6190628359161
-33.1093771512454
-32.6021087644615
-32.0999872847684
-31.6052102731293
-31.1183677565696
-30.6309632592094
-30.1497638213816
-29.675351941904
-29.2047201516289
-28.73759548024
-28.2765800948949
-27.8204748819773
-27.3748804960816
-26.9303055100627
-26.4884658242175
-26.0534070568563
-25.6280275280983
-25.2030436225147
-24.7801184486987
-24.3666085747699
-23.9552470733444
-23.5526200909873
-23.1549401652322
-22.7664165495108
-22.372643608482
-21.9885858527333
-21.6132373613444
-21.2462235449208
-20.8773298737377
-20.5162797627155
-20.15530294432
-19.8063189588724
-19.458402015353
-19.1181191377064
-18.7731279719259
-18.4462618337779
-18.1171374484127
-17.7974799154065
-17.4778867423272
-17.1672623629871
-16.861743314991
-16.5558898891449
-16.2593409683061
-15.9712034431351
-15.6819047301848
-15.3955573666091
-15.1179464101927
-14.8448205140009
-14.5716063040219
-14.3078513212092
-14.0453436154648
-13.7887979982761
-13.5370744743642
