342.300221619884
341.432955756574
340.651302109329
339.947703032944
339.303015143644
338.750633304555
338.310935373193
337.552757701413
336.849777197418
336.240673942625
336.796051770685
336.159310415844
335.528721851043
334.886862174511
334.180326131919
333.540491615444
332.983775263073
332.494405877693
331.784140832096
331.320058523654
330.733014266246
330.161395391032
329.588557290066
328.935526294647
328.384096836646
327.868253349547
327.22877436685
326.757090736591
326.303433883816
325.790582453183
325.365056194003
324.865855320023
324.435159936195
323.827187209567
323.252846150224
322.673331764775
322.143346314403
321.596042009181
321.000382531049
320.605221716875
320.034125437839
319.542010015321
319.06112024205
318.464532920114
317.836310633098
317.285058642229
316.773401259265
316.210569252213
315.652045278561
315.126816486686
314.483864460021
313.820394791088
313.215728334248
312.57778604818
311.867522088815
311.266779021998
310.734263694584
310.093225958426
309.433851119874
308.780161971078
308.121327211306
307.389177421296
306.763488218883
306.164263418293
305.549255576755
304.800158122464
304.228530762474
303.583256495188
302.93055177755
302.311647044762
301.750886932412
301.062386590158
300.43131564069
299.746449323674
299.010553153195
298.356237963872
297.575322380927
296.834914578242
296.127748838445
295.503900580182
294.815361135213
294.16826466897
293.544664295973
292.852397406626
292.169605662998
291.502360054501
290.72811433263
290.026029653438
289.331162498619
288.696240604738
293.426089745087
292.504750754313
291.552510587497
290.682560375951
289.743225544511
288.902743565133
287.983752500262
287.073754128481
286.192969373766
285.289603529388
284.378813956776
283.502141061695
282.568551792566
281.65351732612
280.76746368155
279.843711445292
278.909046750665
277.979581290682
277.004208953487
276.111569285961
275.171497964981
274.254915065462
273.232803200031
272.261218977576
271.238669879063
270.49375245373
269.424703243219
268.370533331148
267.311569364678
266.264771460298
265.215870471673
264.210888067939
263.108365708367
261.877298531794
260.711770489646
259.743756705227
258.640304605959
257.572487419178
256.365664309242
255.138764383674
257.826104753638
256.473247765688
255.203427643337
253.975098259164
255.078517953619
253.735939698092
252.375867184463
251.063350424576
251.730698229772
250.251300660463
248.84875669466
247.423853686084
246.056140548945
245.955357839839
244.487179866144
242.96260054636
241.48906204719
240.01319463478
238.557744786369
237.100785878472
235.648820938382
234.202263636913
232.714476845026
231.275803325421
229.814457052286
228.380993903116
226.929115368589
225.497522431585
224.072494027556
222.64573509307
221.217597918717
219.812927618168
218.400078137549
217.001762739235
215.607629055283
214.511213083655
213.078485233004
211.674881598645
210.271723788761
208.886057230085
207.488474114422
206.126355261828
204.726676776772
203.33482875623
201.972310633728
200.630221888447
199.304090950823
197.965880479489
196.672631630606
195.372355212456
194.105066623039
192.479641441832
191.197080864784
189.953653886052
188.70058439146
187.479651178047
186.269306084493
185.072058642938
183.885693978629
182.706124442258
181.533966760302
180.37243867959
179.218432959948
178.072942748624
176.9797772484
175.866146139395
174.765820273606
173.678393565886
172.578735619176
171.523410509575
170.4562729531
169.409484397917
168.360006939627
167.353202483382
166.332525750849
165.317148754383
164.321580435717
163.328463112351
162.359410170827
161.365435629084
160.413065677977
159.459887579631
158.527413244366
157.592936108718
156.675118511262
155.771235196617
154.876545776403
153.97894008141
152.622441616451
151.764186314101
150.921383955052
150.07668775313
149.245388475527
148.435921847615
147.627255339528
146.817343775552
146.035117493314
145.254458679753
144.484010446796
143.730802825667
142.980764118483
142.238854316632
141.515188735903
140.799936191206
140.093808031146
139.397002307323
138.712355697677
138.04016978585
137.373462610277
136.71897177901
136.074537337748
135.435504860649
134.81929129454
134.204532414724
133.59903480477
133.003543914867
132.418967727568
131.842198254795
131.27418309824
130.71629896963
130.16801905073
129.631283971759
129.100942346727
128.58051316399
128.071931788836
127.570776284638
127.077112030507
126.590359499201
126.11490310959
125.651576666691
125.194289043609
124.743684422416
124.301979025797
123.870643176739
123.443455444838
123.023126954522
122.613288462401
122.209297365851
121.818026428151
121.433110752152
121.059883534944
120.683770317172
120.317239796286
119.961541419582
119.61780003444
119.27261418005
118.937478957215
118.606652478783
118.285224577288
117.967972072969
117.659902811606
117.349864210189
117.056492452831
116.762814845632
116.477134879171
116.194851344723
115.921713664699
115.653279194234
115.386312593732
115.128533701582
114.879105657112
114.632315967328
114.387597117745
114.152266282096
113.919862152774
113.689985001849
113.469488474084
113.250369742105
113.036086829661
112.828820159902
