352.339
351.178
350.123
349.203
348.353
347.562
346.907
345.941
345.103
344.341
344.411
343.691
342.986
342.287
341.532
340.843
340.25
339.738
339.014
338.547
337.95
337.369
336.797
336.155
335.609
335.096
334.455
334.002
333.57
333.086
332.695
332.219
331.82
331.226
330.688
330.129
329.626
329.112
328.548
328.2
327.657
327.2
326.754
326.189
325.585
325.066
324.593
324.063
323.536
323.044
322.429
321.791
321.226
320.622
319.943
319.379
318.89
318.285
317.665
317.049
316.426
315.723
315.132
314.571
313.997
313.281
312.751
312.154
311.547
310.972
310.461
309.812
309.226
308.59
307.891
307.284
306.541
305.846
305.184
304.621
303.982
303.398
302.836
302.197
301.573
300.961
300.232
299.588
298.957
298.393
303.706
302.83
301.918
301.097
300.198
299.426
298.556
297.7
296.878
296.03
295.177
294.364
293.485
292.632
291.813
290.958
290.086
289.223
288.3
287.477
286.603
285.76
284.788
283.882
282.909
282.29
281.258
280.254
279.251
278.257
277.268
276.332
275.278
274.056
272.924
272.043
270.986
269.984
268.794
267.585
271.31
269.94
268.69
267.485
269.298
267.96
266.608
265.308
266.668
265.163
263.756
262.314
260.956
261.474
259.983
258.407
256.918
255.4
253.925
252.439
250.958
249.481
247.937
246.468
244.951
243.484
241.97
240.497
239.012
237.532
236.024
234.557
233.085
231.61
230.146
229.645
228.101
226.593
225.083
223.582
222.058
220.586
219.614
218.079
216.566
215.086
213.623
212.127
210.681
209.221
207.801
206.448
204.983
203.569
202.133
200.742
199.36
197.984
196.621
195.267
193.922
192.58
191.26
189.94
188.682
187.397
186.128
184.869
183.594
182.377
181.141
179.93
178.715
177.544
176.369
175.192
174.038
172.887
171.759
170.602
169.498
168.388
167.298
166.209
165.141
164.086
163.045
161.997
160.55
159.535
158.54
157.54
156.556
155.598
154.641
153.684
152.759
151.836
150.924
150.031
149.141
148.261
147.404
146.558
145.721
144.895
144.084
143.287
142.496
141.721
140.956
140.199
139.467
138.738
138.02
137.314
136.62
135.936
135.262
134.6
133.95
133.314
132.685
132.068
131.465
130.871
130.286
129.71
129.147
128.599
128.058
127.525
127.003
126.494
125.99
125.494
125.011
124.535
124.074
123.621
123.182
122.74
122.31
121.893
121.49
121.086
120.694
120.307
119.932
119.562
119.203
118.842
118.501
118.16
117.829
117.502
117.186
116.876
116.568
116.271
115.984
115.7
115.419
115.149
114.883
114.62
114.368
114.118
113.874
113.638
