27627.3
27689.4
27719.8
27733
27697
27663.3
27589.4
27554.8
27539.8
27496.7
27449.8
27424
27387.4
27393.5
27353
27329.8
27282.4
27214.9
27178.4
27143
27088.7
27066.9
27034.9
27009.7
26957.4
26897.5
26846.9
26819.2
26782.3
26753.1
26722.4
26692.3
26649.7
26607.8
26582.3
26546.4
26505
26486
26457.2
26427.4
26392.2
26369.5
26317.4
26273.1
26253.8
26201.1
26179.5
26096.5
26059
26018.8
25975.9
25922.3
25885.8
25848.9
25805.2
25753.6
25693.7
25651.5
25617.7
25643.1
25581.8
25536.2
25491.1
25439.7
25372.4
25308.6
25257.1
25203.5
25143.8
25102.3
25095.8
25038.5
24989.6
24933.7
24870.1
24812.2
24761.9
24698.5
24644.3
24574
24521.9
24464.4
24406.1
24333.2
24269.6
24207.7
24146.5
24081.3
24024.6
23963.6
23897.3
23838.2
23774.3
23700.5
23624.3
23538.5
23512.9
23437.8
23384
23321.3
23254
23190.5
23121.4
23061.9
23002.1
22936.6
22870
22802.6
22744.1
22676.5
22621.5
22555.5
22488.1
22419.7
22350.9
22291.9
22226.7
22158.7
22091.1
22026.1
21963
21900.3
21831.5
21764.4
21697.4
21633.5
21571
21505.7
21439.3
21381
21317.9
21256.4
21195.4
21169.4
21108.6
21049.3
20987.3
20929
20871.1
20812.6
20752
20697.3
20641.6
20583.6
20532.2
20478.2
20427.3
20376.1
20322.2
20272.6
20222.8
20170.8
20119.2
20068.5
20020.6
19975.4
19930.3
19880.3
19837.8
19794.8
19751
19707.4
19666.1
19627.1
19586.1
19544.2
19504.4
19466.6
19430.8
19395.8
19356
19313.5
19274.6
19235.5
19217.8
19181.1
19141.4
19102.7
19064.5
19025
18986.9
18952.7
18916.2
18882.8
18877.2
18841
18805
18770.3
18733.6
18701.3
18674.3
18639.6
18603.7
18566.3
18531.9
18495
18461.2
18427.3
18392.2
18359.3
18324.8
18290.2
18255.3
18222.6
18189.6
18155.9
18119.3
18082
18045.5
18008.1
17972.6
17936.4
17900.8
17861.7
17823.2
17784.4
17744.5
17703.3
17659.1
17610.6
17561.7
17517.4
17471.5
17424
17375.2
17324.5
17271.6
17220.8
17174.1
17122
17066.7
17009.4
16950.1
16888.4
16824.9
16760.1
16693.8
16626.8
16556.3
16484.5
16409.5
16332.7
16285.3
16216.9
16149.7
16067
15980.6
15895.5
15808.2
15718.5
15626.2
15532.9
15436.2
15337.5
15241.1
15141.2
15037.4
14929.5
14820.7
14712.7
14602.2
14483.9
14378.8
14264.9
14150.5
14034
13914
13790.5
13664.3
13546.6
13443
13324.2
13195.7
13067.9
12944.3
12820.4
12691
12567.3
12440.9
12309.8
12185.1
12056.8
11938.4
11818.4
11703.4
11587.5
11479.6
11363.1
11246.2
11134.6
11019.9
10905.5
10791.1
10683.6
10583.5
10470.2
10358.8
10249.3
10139.5
10035.4
