-12.9356
-12.5947
-13.0152
-12.8197
-12.571
-12.5541
-13.0766
-13.9252
-15.0726
-15.0834
-14.2363
-14.0376
-13.8766
-14.0165
-13.3665
-12.7714
-13.8846
-14.1045
-11.4096
-11.0006
-10.4349
-10.5787
-10.8713
-10.9096
-11.0728
-10.9481
-11.3461
-11.3621
-11.4547
-11.2244
-11.4322
-12.0614
-12.1617
-12.3567
-11.5858
-12.2066
-12.1415
-12.2752
-12.4466
-12.5512
-12.678
-13.2227
-13.3752
-13.3622
-13.5118
-13.4433
-13.6088
-13.7978
-13.8187
-13.6793
-13.8556
-14.0356
-14.0577
-13.8478
-13.7423
-13.7858
-13.8547
-13.9067
-13.6991
-13.7422
-13.2251
-13.3275
-13.3026
-13.667
-13.6303
-13.5019
-13.5459
-13.3281
-13.2894
-12.9617
-12.9597
-12.9662
-12.8294
-12.7143
-12.7665
-12.6265
-12.6642
-12.5508
-12.6599
-12.6332
-12.6251
-12.5031
-12.4853
-12.6639
-12.6654
-12.6975
-12.7496
-12.6679
-12.6333
-12.8555
-12.6892
-12.6267
-12.5391
-12.6443
-12.5786
-12.6063
-12.6012
-12.6188
-12.6078
-12.6687
-12.7277
-12.7096
-12.667
-12.6611
-12.646
-12.7255
-12.715
-12.7475
-12.7587
-12.837
-12.7391
-12.7186
-12.7658
-12.8061
-12.8027
-12.8536
-12.8891
-12.9082
-12.8692
-12.8468
-12.8582
-12.8648
-12.9149
-12.9154
-12.9242
-12.9427
-12.9668
-13.0152
-13.0532
-13.1358
-13.2031
-13.5476
-13.5799
-13.6059
-13.6215
-13.6643
-13.7277
-13.8511
-13.8906
-13.8867
-13.9818
-14.023
-14.0676
-14.1368
-14.5484
-14.58
-14.6436
-14.7126
-14.8027
-15.2608
-15.1506
-15.1773
-15.2303
-15.3131
-15.4099
-15.5026
-15.5629
-15.6353
-15.7366
-15.8501
-15.9449
-16.0414
-16.1259
-16.2315
-16.3206
-16.3836
-16.9498
-17.0622
-17.1461
-17.2135
-17.2893
-17.3793
-17.4312
-17.5062
-17.5935
-17.6647
-17.7575
-17.823
-17.9433
-18.0294
-18.1312
-18.4533
-18.5376
-18.6129
-18.7099
-18.7765
-18.8638
-18.979
-19.0967
-19.2158
-19.319
-19.4188
-19.5358
-19.6789
-19.7632
-19.856
-19.9473
-20.0599
-20.1464
-20.2962
-20.4142
-20.5345
-20.6472
-20.801
-20.9522
-21.0811
-21.1942
-21.3293
-21.4607
-21.598
-21.7554
-21.907
-22.0248
-22.1804
-22.349
-22.5277
-22.7091
-22.8706
-23.0355
-23.1918
-23.3331
-23.5353
-23.6834
-23.8731
-24.0465
-24.2455
-24.4147
-24.5826
-24.708
-24.9961
-25.2033
-25.5287
-25.6973
-25.8813
-26.0847
-26.2593
-26.456
-26.6493
-26.8557
-27.0847
-27.3119
-27.5415
-27.7837
-27.9975
-28.2083
-28.4238
-28.5711
-28.6527
-28.8758
-29.071
-29.342
-29.5827
-29.8518
-30.0817
-30.2844
-30.5303
-30.6249
-30.9096
-31.2239
-31.4944
-31.7333
-31.9699
-32.1841
-32.4334
-32.6379
-32.8994
-33.1426
-33.3513
-33.5614
-33.6453
-33.9364
-34.1643
-34.3766
-34.6244
-34.849
-35.149
-35.344
-35.5331
-35.7405
-35.9201
-36.1464
-36.3512
-36.5353
-36.7404
-37.2269
-38.2595
-38.5706
-38.7698
-38.9377
-39.1197
-39.3222
-39.497
-39.6742
-39.8697
-40.0625
-40.1682
-40.3282
-40.5034
-40.6906
-40.8472
