-6853.72367610534
-6260.40967378424
-6149.61666208406
-5854.98016887704
-5442.77675008895
-5131.98862071309
-5011.04011189089
-5061.26265018072
-5078.11521926011
-4833.28488608952
-4527.90726720569
-4514.30650492712
-4334.6199539917
-4482.63763782511
-4392.86518520642
-4320.09847596874
-4307.55385504966
-4182.42306313059
-3991.03066728755
-3834.13169140778
-3656.65017372398
-3620.27775636762
-3702.85343519331
-3620.18361487136
-3698.61630096683
-3619.87012828209
-3733.22520710972
-3680.59846835064
-3640.94650535747
-3565.42274804097
-3558.07535639046
-3592.91724260127
-3483.5145487949
-3476.83338420402
-2804.24097942102
-2617.99656081701
-2651.39976124526
-2684.95583400936
-2592.36855408286
-2481.24615832324
-2448.88616909575
-1939.48714798491
-1939.11560729926
-1907.34158340581
-1823.93582036726
-1765.4804817387
-1713.76368292733
-1730.04405158289
-1703.7079631328
-1689.22517818303
-1690.83759773693
-1707.78153867433
-1686.5540347469
-1667.36776414986
-1649.79578283636
-1645.91912309868
-1584.41664542716
-1596.99271414806
-1595.12764645931
-1572.65033665203
-1519.31039022033
-1542.02601748974
-1546.65206913339
-1585.79992507581
-1600.18731011404
-1599.80024893399
-1605.48785042223
-1579.12603849327
-1563.80120503623
-1571.1541809876
-1573.90536082511
-1558.51269208658
-1552.88970645192
-1534.17908669433
-1525.99219767672
-1507.90921113514
-1495.83392140506
-1490.57418103599
-1476.91582836714
-1484.5990232493
-1479.949090238
-1457.29069106229
-1440.69513841807
-1430.26638230398
-1442.68730149664
-1427.65540404193
-1427.48876132253
-1433.43665422757
-1426.68075954753
-1412.76144698365
-1410.57913851144
-1416.00132009606
-1407.53605213701
-1411.91885569468
-1402.07682699998
-1403.71768282515
-1394.40843794
-1376.52727092525
-1364.97647269899
-1371.05431934216
-1372.84211498073
-1373.9316857757
-1369.87779570376
-1363.1809597219
-1362.58875480595
-1363.32832125387
-1350.9747624905
-1345.12095927879
-1337.7298494975
-1336.77720588837
-1321.40421641521
-1301.54131131385
-1308.52097202587
-1310.87617693432
-1307.55350854175
-1305.79507022099
-1300.24397621558
-1296.3299568556
-1284.07158909294
-1279.24604444095
-1275.70659544642
-1274.04592580719
-1270.42127751033
-1265.93009510545
-1261.32062344525
-1258.68073803888
-1254.52427131953
-1254.20092051668
-1254.82928408
-1258.03542582105
-1257.34324549724
-1237.49356548218
-1236.67403923245
-1231.09064750905
-1226.77858028988
-1226.4873385961
-1221.32842547344
-1150.60657630905
-1150.22235245927
-1144.22249507194
-1149.67032137465
-1145.36711287707
-1144.1214165125
-1147.4149624466
-1149.26234841363
-1147.1482192288
-1147.70743507914
-1147.74162961756
-1149.97153273385
-1085.98026836798
-1092.22157108901
-1087.64505193123
-1090.40510492562
-1092.00053431922
-1094.19026550487
-1098.31027597485
-1086.91579439827
-1091.47715196573
-1098.40860297569
-1104.27125674533
-1106.6365841061
-1109.46688772173
-1109.10427306128
-1111.75053624705
-1113.42486314952
-1107.02215235783
-1100.29199365986
-1102.13482493918
-1101.43392056806
-1094.6655036511
-1093.20488043431
-1094.48196304544
-1090.69632075597
-1089.25946935407
-1085.53076836997
-1078.55959841947
-1078.09024199145
-1073.93408760922
-1073.22166747906
-1071.43810209432
-1071.030096988
-1067.95546829242
-1065.02020854407
-1064.11855298238
-1060.78593375065
-1057.24493801117
-1053.94755910243
-1054.31308097785
-1054.11089602369
-1055.83960003722
-1053.5230068399
-1052.19632447983
-1051.93890929709
-1053.25846541019
-1051.20307580471
-1047.78181873167
-1043.73851139338
-1042.89181546025
-1038.67800137429
-1039.39241097693
-1039.19622704156
-1038.99167773955
-1036.69882303474
-1037.3612614732
-1038.93899118491
-1036.60222543193
-1033.97995851102
-1031.036896432
-1026.94438352348
-1026.68983918047
-1024.68509540233
-1022.24114849628
-1019.20767222248
-1017.75950547711
-1018.39344975738
-1016.35205264597
-1014.17165547084
-1012.19933526465
-1009.6358485161
-1009.56042885567
-1007.20945351694
-1007.81261953901
-1002.45885565688
-1002.14456447886
-998.614294309597
-994.308379329564
-991.883219573112
-987.2539143826
-975.622892181088
-979.350911963026
-979.284482436969
-976.967617585385
-976.32251342907
-974.508855780922
-971.265083079888
-965.488892706646
-962.863853256417
-958.576730104635
-953.096231042401
-949.707019214156
-944.693539235362
-941.386388182554
-938.329690999927
-934.026218358775
-930.873988138973
-925.97581774066
-917.26234140679
-903.112794599548
-899.728897451277
-891.885869404105
-889.477372260661
-886.090177877855
-883.700153628913
-879.295434557671
-871.841092782432
-866.63768112587
-851.11602625079
-846.588862677516
-844.63377222919
-839.155578330939
-834.802793894432
-828.853973584515
-822.73925956469
-817.339271742927
-810.372577997076
-805.922044229905
-801.082844443916
-793.9022253776
-786.970498574648
-772.362199089792
-765.726290887997
-760.278741094569
-754.961092138237
-747.834523920353
-740.737490040546
-734.282601186132
-725.824129009071
-717.429227803784
-710.786292731172
-702.855543743559
-696.235937081723
-689.597574331471
-683.12137267268
-676.044813663999
-656.825250908725
-649.950053663738
-647.544765420379
-641.065025942945
-633.427380182832
-626.380883092558
-619.951968107746
-612.152053048628
-604.339175146535
-597.642606263033
-590.886326329674
-580.300026255617
-571.93278080552
-563.915950428752
-556.93967452021
-549.416573970742
