29839.7183408556
28019.6374167545
26604.7133671727
25729.8395055635
24407.6060206381
23045.9037782611
21573.5706689231
20413.1083822598
18856.1801492221
17933.6069840927
17846.5626880805
18055.4092232653
17546.1131540423
17956.8461099925
18487.2588412831
19059.0150691984
17426.1016910222
16645.3909885287
19776.2044948663
19723.7948471622
19855.3958408541
19384.6356944553
19280.6526195945
18782.3981483893
18899.4920952448
18713.1007653561
18605.0479806691
18316.2568412538
17968.5298295416
17966.5407421059
17595.0470643942
16814.7226613411
16164.1972420017
15870.7242439809
13678.4066666895
12101.9643701983
12324.1160541464
12339.978762519
11745.2119474194
11145.0373669991
10886.0531020573
8254.33432565591
8155.21171508922
8029.67668677955
7590.35251747778
7385.94736164561
7079.09257288527
7044.64536655201
6926.49658044078
6940.37639018897
6855.13370799426
6831.45222032352
6735.49512073752
6763.94059372744
6746.08560478114
6708.15884405834
6424.10708081624
6449.9136872797
6543.92330123155
6430.68321057166
6464.87253843172
6509.27257735338
6541.47276428981
6521.53436413008
6599.11006841453
6662.67426533901
6663.81586797284
6665.56974004867
6620.81556390353
6826.23151699861
6839.27681533406
6768.87556016544
6818.87207177226
6799.77595365831
6734.90426042047
6731.37230072545
6656.93008871011
6695.446827541
6575.04549720522
6623.6833605304
6607.31397401423
6571.73081605167
6506.45525002966
6365.28978724858
6419.7823765452
6336.29573701464
6308.79719080411
6377.31734377527
6365.22332152116
6190.53052573175
6264.73911590868
6320.98803858908
6328.54368510912
6293.70019637366
6283.55430131623
6276.63001054897
6237.61109505087
6148.7513834029
6102.65115032624
6099.38214492363
6078.07809619416
6091.85628849873
6094.99332127918
6068.11767301456
6072.96513144744
6037.03566099018
5987.43853018248
5945.7844971466
5907.7477337699
5866.30933875101
5844.93182598737
5766.66485703335
5775.4312862217
5767.0010179335
5753.96317835804
5722.69311452104
5682.13046333108
5656.35374096765
5620.4330541858
5609.41051472275
5588.76046923059
5578.52328529102
5540.32940826166
5520.52214110281
5496.54577284422
5476.92896518568
5448.34318676515
5425.97332951196
5412.33010448506
5390.82453955601
5359.40595303271
5135.73171746638
5119.65554805091
5086.42704083286
5062.58206105757
5044.91219624915
4999.58482647615
4666.46067110335
4651.10499003227
4628.19538625708
4617.32357997036
4585.97324047357
4565.86438751497
4555.66451218191
4428.43206693055
4410.28042011165
4392.41141719034
4371.01445979567
4351.63722227643
3980.37279614804
4033.78573566418
4009.47645278152
4004.98543069162
3988.09890086073
3969.75341135622
3959.68115005338
3902.64954207876
3899.95367444753
3898.1525808271
3889.42758179479
3873.35495743909
3858.64582793615
3836.07274273797
3818.83265698491
3802.54045529045
3765.31739121539
3610.20300692191
3590.97319923949
3570.04367014216
3533.3454934405
3512.18679478962
3496.92305785646
3473.7860780407
3453.38660135562
3423.37400827343
3386.77653374964
3366.43519952825
3340.30556468581
3314.19269647277
3291.79907676342
3270.78824654637
3200.44915014195
3176.08170038063
3159.61089776869
3132.17483989269
3109.81698584495
3084.68717953086
3065.59711576375
3044.65776398336
3029.2683504426
3005.19437210957
2984.74711544398
2964.69547427841
2945.05374449122
2925.7235411123
2901.42511410089
2875.87563295674
2856.02788705678
2831.21448187189
2810.41561830338
2792.19613884888
2773.81664390204
2751.20874395571
2730.72922313706
2713.29226818559
2689.05819755348
2666.56007723388
2640.48231347909
2612.30338614212
2593.38700978538
2567.69032697877
2542.00728890005
2519.48717595126
2496.38429802204
2477.06364050084
2450.33959333851
2423.3741919356
2399.64576089676
2374.46151651089
2356.41229104517
2335.00011512764
2313.91076394443
2285.4638840321
2264.33725137964
2238.03440759979
2207.74577096074
2185.1040649885
2158.08086524491
2120.37639485357
2100.59809902732
2080.77437327024
2045.61756880154
2028.89301003566
2008.58990092666
1983.93948579331
1957.01694587964
1934.92583519168
1910.12657122556
1882.2608242411
1857.1129522071
1829.37785242059
1805.19284184394
1780.92851933703
1756.83275228987
1735.46893599576
1710.85745223251
1684.39910907033
1652.80706155637
1631.48438790909
1604.31297119898
1582.31110614704
1560.89798307525
1539.79776856451
1517.98145125889
1492.91019640698
1469.48124508371
1437.73220829161
1414.00920169933
1393.34410696349
1369.67792029954
1349.90542176334
1327.9955479493
1307.29217865439
1286.2626307511
1265.29950542564
1245.79441366716
1226.86369819049
1206.24563839232
1186.21882267698
1160.50690403684
1137.95861411692
1120.21696931427
1103.55943086788
1083.06078796752
1063.8390448035
1042.88147173844
1023.45074319589
1004.57060756966
987.68978210037
970.240078294514
953.155417293494
937.017226029571
921.997012087237
905.650281520416
864.492217355767
824.176602520664
812.019542115007
798.185251061914
783.959085944358
770.220268622027
756.834809892048
742.679047007757
728.597364535589
715.541156604657
702.632920752808
687.465931502594
673.727485145934
660.18141328883
647.717023584622
635.446165419426
