30616.7
28710.5
27306.2
26387.6
25007.1
23610.4
22147.9
21031.2
19528
18573.5
18412
18611.2
18073.6
18507.9
19002
19542.5
17950.6
17162.8
20174.9
20093
20189.3
19719.8
19633
19128.1
19258
19060
18975.9
18682.4
18333.7
18316.9
17951.2
17194.3
16535.3
16247.1
13962.9
12381.9
12606.1
12628.7
12027.9
11417.9
11158.1
8479.13
8382.58
8253.1
7806.42
7594.02
7283.58
7253.97
7132.95
7142.99
7060.58
7041.68
6943.44
6966.42
6944.89
6907.13
6616.61
6644.68
6735.53
6620.19
6641
6689.43
6721.83
6711.57
6790.35
6852.05
6854.49
6850.07
6802.99
7004.71
7018.04
6945.98
6993.46
6970.7
6905.62
6898.2
6822.92
6859.36
6738.88
6788.02
6771.03
6731.37
6664.05
6524
6579.89
6495.14
6468.28
6536.43
6523.15
6349.69
6421.58
6477.65
6483.18
6450.13
6438.08
6431.68
6391.57
6300.95
6253.44
6251.58
6231.19
6244.87
6247.04
6219.35
6223.95
6189.06
6137.96
6096.04
6057.31
6016.69
5992.44
5911.72
5921.81
5914.11
5900.66
5869.78
5829
5803
5765.25
5753.43
5732.51
5722.16
5684.12
5663.81
5639.41
5619.7
5590.91
5569.04
5555.89
5535.67
5504.92
5282.72
5266.9
5233.29
5209.1
5191.86
5146.6
4806.22
4791.22
4767.54
4758.3
4726.84
4707.03
4697.94
4575.13
4557.03
4539.88
4519.19
4501.02
4125.86
4179.04
4154.38
4150.77
4134.9
4117.79
4109.18
4051.18
4049.81
4049.95
4043.15
4028.34
4014.98
3993.19
3977.37
3962.2
3924.68
3774.15
3756.3
3736.09
3699.03
3678.39
3664.2
3640.99
3621.1
3591.36
3554.37
3534.85
3508.7
3483.63
3461.78
3441.68
3373.93
3349.89
3333.99
3306.93
3284.62
3259.77
3241.83
3221.97
3208
3184.51
3164.78
3145.79
3127.73
3108.84
3084.82
3059.42
3040.48
3015.73
2996.46
2979.31
2962.02
2940.05
2921.13
2905.4
2881.94
2860.01
2834.64
2806.91
2789.22
2764.6
2739.85
2717.83
2695.88
2678.24
2652.76
2627.03
2604.39
2580.2
2563.57
2542.97
2523.86
2495.65
2476.19
2450.72
2421.32
2399.69
2373.18
2334.06
2317.68
2299.7
2266.94
2251.58
2232.51
2208.93
2182.22
2161.26
2137.16
2109.81
2085.86
2058.9
2035.91
2013
1989.69
1969.36
1945.37
1917.96
1883.45
1863.13
1835.56
1815.18
1794.87
1775.36
1754.26
1728.84
1706
1670.77
1648.07
1629.36
1606.3
1587.18
1565.43
1544.64
1523.98
1502.56
1483.75
1465.24
1444.06
1423.53
1394.03
1371.6
1353.85
1337.09
1316.16
1296.32
1275.45
1254.7
1234.45
1216.86
1198.07
1180.36
1163.42
1147.49
1130.15
1085.71
1049.62
1038.6
1023.75
1007.88
992.77
978.335
962.446
946.615
932.296
918.063
899.643
883.751
868.24
854.236
840.03
