49503.8
49429.7
49620.7
49582.8
49649.6
49583.9
49543.4
49456.8
49344.4
49268.9
48418.2
48174.4
48378.1
48571
48591
48663.7
48621.2
48686.9
48422.9
48499.3
48486.9
48535
48541.2
48524.1
48491.7
48498.4
48493
48385
48462.8
48420.3
48393.8
48583.2
48089.3
48491.7
48449.4
48396.5
48389.1
48355.6
48514.1
48455.1
48508.8
48451.1
48422.7
48315.2
48286.2
48245.1
48143.6
48151.3
48137.7
48061
48006.2
47945.7
47877.1
47810.6
47747
47647.1
47586
47504.2
47419.8
47363.5
47328.6
47264.2
47176.6
47099.1
47038.7
46939.7
47102.9
47015.3
46957.8
46894.5
46808.4
46739.2
46632
46576.8
46532.7
46449
46356.3
46237.1
46166.5
46057
45977.2
45896.7
45810.4
45742.6
45658.3
45572.1
45486.1
45385.5
45297.4
45198.5
45118.5
45016.7
44911.2
44799.9
44690.1
44592.3
44485.8
44379.7
44278.1
44173.6
44096.4
43989.5
43884.2
43705.8
43594.4
43526.9
43415.5
43323.4
43212.2
43101.8
42872.5
42721.2
42597.6
42486.7
42378.8
42262
42168.8
42119.8
42048.7
41941.3
41809.7
41698.4
41581.5
41468.8
41353.4
41237.2
41122.3
41004.9
40883.7
40771.9
40650.2
40528
40410.5
40297.6
40175.7
40063.4
39937.6
39824.8
39713.6
39598.8
39489.2
39370.9
39261.5
39148.4
39021.4
38904.1
38797.9
38690
38577.1
38417.1
38369.5
38261.8
37998.3
37900.1
37798.3
37693.7
37585.8
37478.2
37372.5
37265
37157.6
37054.7
36947.7
36839.2
36716.5
36617.2
36514.6
36409
36302.3
36199.4
36106.8
36011.6
35912.9
35811.5
35709.3
35607.4
35493.4
35388.8
35291.6
35170.2
35082.7
34991
34898.1
34784.6
34686.8
34579
34477.2
34378.9
34280.8
34177.9
34091.6
33986.9
33875.7
33773
33671.9
33565.3
33463.5
33353.1
33243.3
33133
33023.5
32912.8
32790.6
32679.4
32563.9
32442.4
32326.8
32206.5
32092.3
31964
31836
31708.7
31573.9
31432.9
31302.3
31161.9
31017.6
30883.8
30729.4
30574.6
30420.8
30258.5
30095.7
29935.3
29770.3
29599.7
29428.2
29257.5
29077.2
28897.4
28707.5
28519.3
28320
28120.4
27914.1
27703.6
27484
27275.8
27059.4
26845.8
26629.7
26401.4
26172.1
25922.6
25677.6
25434.3
25194.5
24931.8
24670
24413.7
24153.7
23892.3
23624.1
23349.6
23085.2
22817.3
22543.2
22265.7
21984.3
21702.5
21422
21133.9
20849.5
20567.8
20272.2
19976.9
19692.3
19406.3
19133.3
18864
18587.8
18289.8
17995.4
17713
17432.9
17152.8
16876.4
16594.1
16315.8
16044.5
15768.5
15490.1
15230.5
14964.2
14710.6
14461.8
14209.5
13956.8
13704.3
13459.2
13233.3
12996.9
12759.1
12529.7
12303.2
12076.1
11859.5
11640.1
11421.4
11215.4
