99919
99917.6
99917.2
99913.9
99916.8
99916.7
99916.8
99917.3
99915.9
99916.3
99922.3
99926.4
99914.5
99915.6
99912.1
99921.3
99906.1
99910.5
99918.5
99917.7
99917.7
99918.6
99908.1
99910.7
99909
99904.5
99910.4
99901.6
99902.1
99925.8
99923.3
99916.4
99915.2
99910.7
99911.1
99909.7
99907.4
99907.1
99910
99913.1
99914.7
99915.7
99914.9
99916.2
99916.6
99917.1
99918.3
99915.2
99912.8
99913.1
99910.1
99913.9
99909.4
99913.8
99915.5
99916.6
99920.5
99916.6
99917.4
99917.8
99916
99918.4
99917.9
99915.2
99916.1
99916.2
99914.9
99914.9
99914.7
99915.1
99916.4
99916.2
99916.5
99915.3
99916.3
99916.1
99917.4
99920.6
99916.8
99915.7
99917.3
99916.3
99915.2
99917
99913.8
99915.2
99915.5
99914.6
99912.6
99914.8
99914.1
99913.7
99912.7
99915
99914.1
99914.7
99914.2
99915.7
99916.9
99917
99914.9
99914.6
99915.6
99913.3
99914
99913.5
99913.9
99912.3
99913.6
99912.8
99914.1
99914.6
99913.8
99914
99913.4
99914.2
99914.2
99913.3
99913.9
99914.5
99914.1
99916.3
99912
99909.2
99907.4
99906.2
99905.2
99905.5
99907.3
99909
99911.8
99915.5
99914.5
99912.6
99910.9
99909.9
99908.7
99909.1
99909.4
99909.6
99912.1
99913.2
99914.6
99915.2
99913.1
99912.5
99912.5
99911.3
99910.3
99910.4
99911
99911.1
99912.1
99913.2
99913.6
99914.4
99914.4
99913.2
99912.9
99912
99912
99912.1
99912.2
99911.9
99912.1
99909.9
99910.2
99910.7
99911
99910.7
99911.9
99912.4
99910.9
99910.6
99910.2
99909.2
99910.1
99908.7
99908.2
99907.4
99907.5
99906.8
99906.1
99906.1
99904.7
99905.4
99902.9
99901.9
99901.3
99900.7
99900.4
99899
99897.9
99898.1
99895.6
99894.4
99892.4
99891.8
99890.5
99888.7
99885.9
99884.7
99882.9
99880.1
99878
99875.9
99872.5
99870.6
99864.9
99862.3
99859.4
99854.9
99851.7
99847.6
99842.9
99837.6
99833.2
99827.8
99823
99816.4
99810.4
99805
99795.1
99789.1
99781.8
99770.7
99762.1
99751.8
99742.2
99731.2
99718.7
99706.4
99693.3
99678.7
99664.4
99647.9
99631.3
99612.9
99593.6
99573.9
99551.8
99528.3
99503
99477.1
99448.2
99418.3
99386.9
99353
99317.1
99278.2
99238
99194
99148.2
99098.8
99047.8
98992.4
98933.4
98870.9
98804.6
98733.7
98659.5
98580.1
98496.8
98407.4
98311.4
98210
98101.2
97987
97866.6
97739
97604.6
97459.3
97303.4
97141.9
96971.4
96788.6
96597.9
96392
96177.6
95948.4
95709.3
95449
95183.1
94896.8
94597.9
94278
93944.6
93596.8
93226.1
92834
92429
91999.6
91545.1
91071.3
90576.7
90051.4
89511.2
88939.5
88342.3
87724.3
