25410.3
26200.3
26842
27216.1
27072.1
26768
25853.9
25947.3
26335.5
26478.9
26300.2
26581.6
26774.7
27031.8
27028.4
26841.8
26781.2
26976.3
26983.4
27668.8
27740.7
27698.3
27635.1
27952.2
27746.4
27983.7
27979.3
27844.2
28052.3
27953.5
27835.4
27839.3
27883
27836.7
27432.7
27675.4
27869.7
27427.6
27715.1
27637.8
27617.8
27596.3
27561.9
27807.1
27824.5
27569.5
27176.5
27622.6
27619.9
27814.2
28088.3
28841
29056.7
29089.3
29030.1
29167.2
28960.2
29666.8
29658.6
29537.8
29535.9
29391.4
29124.6
29033.9
29128.1
29106.8
29271.8
29236.4
29219.5
29112.7
28468.8
28559.2
28635.6
28637.1
28634.8
28434.6
28435.4
28114.8
28105.2
28072.3
28141.8
27985.2
27956.9
27817.9
27784.5
27628.2
27575.1
27646.6
27491.2
27330.1
27405.6
27383.3
27402.6
27060.5
26954.7
27086.7
27079
27038.9
26980.2
26900.1
26875.4
26830.6
26718
26630.6
26562.6
26663.1
26356.7
26406
26276
26134.6
25978.3
25970.2
25953.2
25844.5
25951.8
25851
25669.6
25671.9
25613.9
25676.6
25662.9
25497.1
25320.8
25215.7
25187.1
25051
24931.7
24891.8
24794.1
24774.6
24773.9
24503.3
24411.9
24291.3
24201
23809.2
23876.8
23866.9
23888.5
23812.6
23816.4
23794.8
22352.2
22189
22026.8
21935
21845.1
21823.5
21749.4
21675.3
21562.3
21570.2
21491.7
21431.4
21310.2
21260.5
21184.3
20191.4
20123.2
19940.1
19867
19865.2
19843.2
19748.4
19713.1
19684.3
19639.4
19569.9
19488.3
19387
19338.3
19204.3
19158.2
19096.1
19049.7
18982.1
18845.7
18782.6
18706.8
18568.7
18530.3
18564
18530.3
18478.6
18349.8
18364
18317.7
18262.7
18298
18264.8
18175.9
18074.9
18060.5
17888.2
17837.8
17803.7
17742.7
17667.6
17636.1
17586.8
17547.2
17500.4
17419.1
17286.1
17199.6
17072.9
16996.5
16959
16852.8
16776.3
16676.1
16461.4
16432.9
16383.3
16323
16245.2
16191
16121.8
16035.4
15977.6
15914.4
15795.9
15699.3
15724.3
15654.3
15566
15482.7
15384.9
15304.9
15202.7
15095
15008.9
14903.3
14822.9
14717.7
14620.5
14535.1
14425.4
14334.2
14213.7
14096.9
13984.2
13879.1
13750.6
13630.2
13512.7
13408.2
13286.8
13149.7
13018.9
12812.4
12768
12562
12460.3
12331.8
12275.9
12126.8
12018.2
11896.9
11763.7
11625.6
11479.5
11349.7
11217.5
11070.3
10928.8
10786.4
10613.8
10485.6
10357
10211.2
10068.5
9871.89
9697.37
9536.76
9413.66
9275.8
9140.8
9013.29
8870.81
8738.33
8618.67
8488.02
8351.6
8218.07
8080.46
7956.8
7824.06
7693.94
7563.89
7435
7292.6
7166.05
7043.22
6918.97
6798.41
6687.37
6567.01
6452.14
6337.41
