-15.4519
-15.2388
-15.0429
-14.3407
-14.1665
-13.9843
-13.7756
-13.5974
-13.4289
-13.2209
-13.0432
-12.8663
-12.7178
-12.5568
-12.4121
-12.2496
-12.0982
-11.9828
-11.8629
-11.7601
-11.6648
-11.4338
-11.3827
-11.3414
-11.2998
-11.2619
-11.2382
-11.2214
-11.2185
-11.214
-11.2177
-11.2213
-11.2293
-11.2349
-11.2541
-11.276
-11.3627
-11.4683
-11.4969
-11.5243
-11.5546
-11.5864
-11.6155
-11.6614
-11.7005
-11.7361
-11.7825
-11.812
-11.8567
-11.9065
-11.9503
-11.9971
-12.0422
-12.095
-12.1489
-12.194
-12.2468
-12.3012
-12.3504
-12.3996
-12.5611
-12.6076
-12.6617
-12.7064
-12.7718
-12.8266
-12.8845
-12.9449
-13.0086
-13.0642
-13.1245
-13.1872
-13.253
-13.3065
-13.3659
-13.4299
-13.4928
-13.5536
-13.619
-13.6869
-13.7569
-13.8288
-13.9026
-13.9708
-14.0396
-14.1162
-14.1858
-14.2563
-14.3346
-14.4047
-14.4814
-14.557
-14.6387
-14.7159
-14.796
-14.8753
-14.9568
-15.0389
-15.1204
-15.2023
-15.2797
-15.3951
-15.4666
-15.5566
-15.6377
-15.7204
-15.8171
-15.899
-15.9911
-16.0841
-16.1903
-16.269
-16.3644
-16.4571
-16.5482
-16.6326
-16.7461
-16.8314
-16.9283
-17.0222
-17.1188
-17.2085
-17.2892
-17.3901
-17.4879
-17.5881
-17.6637
-17.7443
-17.8175
-17.9182
-18.0241
-18.1205
-18.215
-18.3082
-18.3993
-18.4848
-18.5613
-18.6466
-19.1977
-19.2569
-19.3268
-19.3909
-19.4594
-19.531
-19.6024
-19.6689
-19.7253
-19.7964
-20.2885
-20.3377
-20.3776
-20.4331
-20.4841
-20.5231
-20.5646
-20.613
-20.6415
-20.6754
-20.7173
-20.7527
-20.7792
-20.807
-21.2957
-21.3005
-21.314
-21.3103
-21.3091
-21.3025
-21.296
-21.2918
-21.2757
-21.2664
-21.2442
-21.2286
-21.2127
-21.1863
-21.1607
-21.1206
-21.0802
-21.0271
-20.9901
-20.9514
-20.9079
-20.8578
-20.8105
-20.7524
-20.6916
-20.6276
-20.5627
-20.4943
-20.4216
-20.3491
-20.2713
-20.1857
-20.1068
-20.0148
-19.9292
-19.8499
-19.7598
-19.6695
-19.5728
-19.4798
-19.3697
-19.2633
-19.1619
-19.0574
-18.9596
-18.8494
-18.7351
-18.6147
-18.5049
-18.3877
-18.2649
-18.1432
-18.0259
-17.9112
-17.7878
-17.6578
-17.5307
-17.4038
-17.2781
-17.1499
-17.0226
-16.8864
-16.751
-16.6167
-16.4773
-16.343
-16.2005
-16.0618
-15.9205
-15.7774
-15.6369
-15.4892
-15.3461
-15.1974
-15.0507
-14.9027
-14.7543
-14.6047
-14.4541
-14.3036
-14.1534
-14.0031
-13.8511
-13.6976
-13.5451
-13.3932
-13.2392
-13.0858
-12.9323
-12.7794
-12.6271
-12.4741
-12.3201
-12.1669
-12.0141
-11.8602
-11.7074
-11.5553
-11.4032
-11.2509
-11.1003
-10.9504
-10.7994
-10.6496
-10.4996
-10.3507
-10.2033
-10.0562
-9.91182
-9.7656
-9.62048
-9.47746
-9.33579
-9.19493
-9.05506
-8.91483
-8.77704
-8.63888
-8.50414
-8.36683
-8.23498
-8.10153
-7.97243
-7.8413
-7.71362
-7.58672
-7.4594
-7.33444
-7.21309
-7.09144
-6.97012
-6.85094
-6.73477
-6.61769
-6.50365
-6.39003
-6.2778
-6.16767
