-54.5551314355424
-53.766822649835
-53.0400451823166
-51.8159333197733
-51.1103872327272
-50.3787532257361
-49.5205984295257
-48.7809555998435
-48.0801131728671
-47.2449400908066
-46.5135863783049
-45.796367680071
-45.1741882015867
-44.5093730884871
-43.9226672026179
-43.2626971266606
-42.6653783971779
-42.2033504466392
-41.7188967033524
-41.31744527891
-40.9411820283103
-40.5609838214251
-40.325659736345
-40.1230553677577
-39.9395927006383
-39.76830741951
-39.647106656342
-39.5535703324449
-39.507681897399
-39.4630607351923
-39.4556827077299
-39.4315979842835
-39.4283861953656
-39.4185715807588
-39.4569654273526
-39.501272933518
-40.238005884417
-40.9179399706407
-40.9634006655698
-41.0109610701997
-41.0624417738588
-41.1319326062824
-41.1774447940048
-41.299711618583
-41.3908338786019
-41.4582565529398
-41.5741138927733
-41.6196149933365
-41.726170095457
-41.8493862552868
-41.941260087672
-42.0388791470204
-42.1175988040044
-42.243157258781
-42.3755515923135
-42.4614135551901
-42.5777714619857
-42.6902770039653
-42.7843682769021
-42.8748413327365
-43.9423920094284
-43.9989723004985
-44.0985546244521
-44.1564405358776
-44.3107528832464
-44.4068988773941
-44.5161148599069
-44.6374620767353
-44.7709532003338
-44.8710574353744
-44.9884820143102
-45.1142854225869
-45.2537592954566
-45.319682238417
-45.4172929862123
-45.5432168506546
-45.6531781373093
-45.762014606854
-45.8835376946662
-46.0151880551951
-46.1608657464957
-46.3080395055492
-46.4659795894506
-46.5894460375771
-46.7060833517089
-46.8611199451102
-46.9810812540812
-47.1026167157001
-47.2573752661453
-47.3699113509297
-47.5092321263154
-47.6433280025696
-47.8000154564612
-47.9327416800121
-48.0706160724944
-48.2053918968825
-48.3452882158822
-48.4890908592477
-48.6187220120664
-48.7484319377032
-48.855538594786
-49.148467151978
-49.222365320862
-49.369251800155
-49.4757386235583
-49.5826042249508
-49.7555453134823
-49.8558791692925
-49.9903344237033
-50.1404275899322
-50.335798712469
-50.4032731497299
-50.5360990256115
-50.6507336496273
-50.7541143763675
-50.8287875495749
-51.0236936567714
-51.0919366164567
-51.1987130997598
-51.2954619804113
-51.3989051454413
-51.4754923444771
-51.4890165332955
-51.5874759105733
-51.675334578585
-51.7705093520113
-51.7589933569316
-51.7544410648779
-51.7174649863969
-51.7934488279877
-51.8997518421095
-51.960904143269
-52.0060980983367
-52.045410248757
-52.0590305868986
-52.0616984424098
-52.0174747741309
-52.0053708977778
-54.0647055858339
-53.9259773971458
-53.8293018493608
-53.7098033111582
-53.6030349523983
-53.5037309128342
-53.4068171080857
-53.2876709561293
-53.1299610735943
-53.0238919660222
-54.5263751162501
-54.3224865642534
-54.08747020595
-53.9048638936893
-53.7067826986565
-53.4712229651178
-53.2406180427867
-53.0362346855919
-52.7686521684335
-52.5136328920163
-52.2902782114623
-52.0419055140791
-51.7715863550616
-51.5088457934848
-52.6627422123969
-52.3100745025655
-51.9876564963441
-51.618903840889
-51.2603645954491
-50.8921066975643
-50.527188467088
-50.173813884387
-49.7867533999508
-49.4257825196825
-49.0352468955045
-48.665245677186
-48.2986781861938
-47.9055932902804
-47.5236740318318
-47.1047893904536
-46.6925684714313
-46.2509005571277
-45.8597624065654
-45.4657794712602
-45.0640695331574
-44.6536338795034
-44.2538168631374
-43.8317097868938
-43.4085960555374
-42.9821531975449
-42.5598583795523
-42.1337926709894
-41.7032112407387
-41.2787359157032
-40.8469332059234
-40.3983627895307
-39.9802405219709
-39.5330719584042
-39.1060381729048
-38.6976389069894
-38.2649857107461
-37.8446145160262
-37.4122762664705
-36.9946610615597
-36.5428812902116
-36.1132448826563
-35.6956186087431
-35.2724606849834
-34.8710148964729
-34.4482705785582
-34.0256017917316
-33.5922286415916
-33.1909329196822
-32.7757160445327
-32.3577814350278
-31.9439408694159
-31.5465620427864
-31.1562208757917
-30.757296530253
-30.3495114679196
-29.9539899415639
-29.5632079062071
-29.178877957701
-28.7948727915994
-28.4164029804992
-28.0286367956505
-27.6454179457022
-27.2688482458325
-26.8905408166937
-26.5239283766541
-26.1478318440311
-25.7825053789794
-25.4178220094543
-25.0537447589099
-24.6998161669063
-24.3383220270397
-23.9877099776572
-23.6336125349134
-23.2874571796521
-22.9420817688917
-22.5991550591226
-22.260321054096
-21.9235474582895
-21.5895761845146
-21.2608391052159
-20.9348501899532
-20.611912323965
-20.2894922031983
-19.9719180999818
-19.6587387266576
-19.3467759455945
-19.038786979886
-18.7339506689361
-18.4333483905571
-18.1370945914317
-17.8429040196802
-17.5503028141668
-17.2625803200342
-16.9782834075982
-16.6950366307716
-16.4160887980672
-16.1413526300644
-15.8691828619497
-15.5991907284112
-15.3347068673337
-15.0740180492643
-14.8139656968528
-14.5575894163951
-14.3035467335793
-14.0533749872709
-13.8075364182206
-13.5643525162204
-13.3279819686018
-13.0901377809145
-12.855829723506
-12.626690219457
-12.4018016438868
-12.1792146189328
-11.9599686414845
-11.7419206442057
-11.5291217353724
-11.3170355529129
-11.1113843593972
-10.9031878062459
-10.7044029082618
-10.5044665935072
-10.3122294547485
-10.118185093892
-9.93023525978293
-9.74456965896075
-9.55934141388357
-9.3783457047941
-9.2034271080477
-9.02915869792578
-8.85609001598835
-8.68696126213675
-8.52277559158289
-8.35810614502878
-8.19845642215733
-8.04015700216111
-7.88454605615155
-7.73250093444198
