197.362694879379
197.366444116372
197.356943650478
202.680365736795
202.484037745993
202.294273157745
201.983047695052
201.676345749238
201.36859129041
201.099841523598
200.781682638701
200.499282483284
200.163712806112
199.831102912609
199.57077870973
199.262610798732
199.046718411095
198.844653654752
198.607625789784
198.465796944018
198.310954470813
200.549392149261
200.30511262279
200.043908210062
199.881767112228
199.711993665847
199.534223026479
199.369280730398
199.190798261601
199.04774533114
198.943183411915
198.75629796413
198.594834280827
198.443854164176
198.289402662534
198.116414495699
200.230940762025
201.689213872629
201.397321846424
201.138628316638
200.848464979368
200.620902590115
200.325720356216
200.107569684962
199.859993675157
199.561069970049
199.308150004035
199.013626188777
198.749152081625
198.477973170969
198.163186569197
197.826611395086
197.432579621462
197.130654391472
196.844471457156
196.491432606857
196.154160448691
195.775589962908
195.400866761502
195.012453142595
197.215812977788
196.717514524
196.292439245719
195.835579666213
195.479794096269
195.038530121853
194.609475652599
194.197944436464
193.791590543897
193.369121768785
192.952690756175
192.539205791468
192.140749643663
191.618645822396
191.146395523966
190.728853821057
190.264498924427
189.830002484123
189.385003272757
188.94962622944
188.545536859227
188.124302197118
187.723781289939
187.26658576188
186.777829570169
186.33893666781
185.861109038974
185.381556478885
184.93140446921
184.430814636831
183.950898426096
183.469919392361
183.000268093689
182.502392146068
181.991423312778
181.483999077241
180.972762780268
180.473543611366
179.934248098891
179.395574595961
178.834691524361
178.492006548223
177.892742070101
177.339301525897
176.75308341484
176.154947016176
175.632279625808
175.032018066001
174.439275924908
173.89669313158
173.366502081509
172.712584789858
172.101662163018
171.465353003907
170.8152050898
170.148113243257
169.574997893616
168.890093296735
168.216048586122
167.54768203773
166.879896949423
166.203158068352
165.422016903537
164.715568038288
164.013990989157
163.319006687627
162.537820234791
161.736242243543
160.91216913702
160.181619006372
159.50269751552
158.782181193653
158.037990323802
157.29526501468
156.501603261284
155.733302733525
154.912849328655
154.116076753156
155.27275571045
154.360558572333
153.482175402913
152.594604980899
151.711865234371
150.830475366907
149.96388894125
149.081621553669
148.180022693069
147.308565948405
147.494919972459
146.556328602611
145.611042818601
144.689908679226
143.76692711872
142.839695864331
141.910529388844
141.003467029626
140.080567704185
139.15395664329
138.255941646527
137.34272625248
136.43884933288
135.548105224761
135.102907439739
134.164943668367
133.245233896069
132.325349556557
131.414361412829
130.514676844728
129.622274743238
128.743617415757
127.856616762264
126.990570210221
126.131725374296
125.280974869208
124.439607607331
123.595639714782
122.773054480681
121.944355722112
121.131237963379
120.317588068639
119.530493465113
118.743359380939
117.962326045695
117.195240421082
116.434713097271
115.677194926906
114.928470787213
114.185124055206
113.452872963678
112.726133456968
112.007292321573
111.297710655708
110.593828325413
109.884156769415
109.210978243056
108.528988047119
107.857460392962
107.193814970941
106.519522739057
105.873459885532
105.223922724641
104.586868305444
103.944555355293
103.335380388545
102.723745128082
102.106249790237
101.50523091984
100.905867174047
100.321895156095
99.7326366787273
99.1690564033013
98.5981026529829
98.0423251285024
97.4836483607957
96.9412061420768
96.3970857948459
95.8678907202515
95.3399709967368
94.8247246316628
94.3143901795181
93.8088657512689
93.3099612824141
92.8149104287661
92.3318946904996
91.8498581959572
91.3742465703863
90.913195848984
90.4527100391697
89.998496042191
89.5496247768403
89.1089387128794
88.6715417851488
88.2453427832372
87.825436031187
87.4079229024338
87.0017486014482
86.6033655823829
86.2063332459947
85.8114464938899
85.4299591057995
85.0530957054717
84.6770523587887
84.3103021619074
83.9457487295469
83.594757927212
83.2459960511396
82.9014968519726
82.5622116215222
82.2322945488022
81.906262717478
81.5853467621108
81.2699240602103
80.960804442838
80.6566653230499
80.3575075772081
80.0665054837812
79.7799982958841
79.4972710088667
79.2187684315653
78.9471823400425
78.6796974072982
78.4159901095985
78.1594878786507
77.9091220323426
77.661946210306
77.4170776482403
77.1780390404571
76.9436386176086
76.7137094072468
76.4884692514218
76.2729865701785
76.0560377180318
75.8433519641651
75.6369037114944
75.437782152882
75.2389260034722
75.0454476057323
74.855571512047
74.671506089679
74.4885062354193
74.3112778545608
74.1331929580248
73.9635143918108
73.7941029187691
73.632391816867
73.4706476030785
73.3143443681069
73.1615006675072
73.0101490247953
72.8619173563348
72.7190139528642
72.5788207406105
72.439356176865
72.3042240098747
72.1729222879019
72.0421800532746
71.9161959247984
71.7923871508714
71.671919270928
71.5549106738933
