204.764
204.559
204.36
209.199
208.835
208.473
207.965
207.492
207.029
206.575
206.099
205.663
205.198
204.728
204.347
203.905
203.568
203.274
202.942
202.721
202.493
204.61
204.324
204.028
203.833
203.633
203.435
203.255
203.071
202.922
202.818
202.63
202.471
202.321
202.177
202.016
204.234
205.798
205.521
205.277
205.003
204.794
204.514
204.325
204.101
203.822
203.598
203.319
203.082
202.842
202.553
202.244
201.875
201.606
201.354
201.027
200.722
200.376
200.03
199.67
202.052
201.578
201.185
200.752
200.439
200.03
199.636
199.262
198.896
198.507
198.128
197.754
197.398
196.905
196.468
196.091
195.665
195.268
194.864
194.472
194.114
193.74
193.389
192.975
192.529
192.141
191.707
191.272
190.874
190.417
189.987
189.555
189.14
188.692
188.233
187.777
187.319
186.874
186.387
185.901
185.388
185.135
184.577
184.083
183.547
183
182.544
181.994
181.461
180.981
180.526
179.917
179.368
178.79
178.196
177.578
177.085
176.449
175.835
175.224
174.616
173.992
173.25
172.605
171.962
171.328
170.58
169.815
169.019
168.347
167.734
167.068
166.375
165.682
164.933
164.205
163.413
162.654
164.416
163.509
162.648
161.771
160.903
160.039
159.19
158.319
157.417
156.561
157.251
156.3
155.332
154.405
153.471
152.52
151.569
150.648
149.69
148.733
147.814
146.872
145.931
145.005
145.004
144.002
143.028
142.037
141.058
140.086
139.122
138.175
137.208
136.27
135.328
134.401
133.484
132.555
131.65
130.726
129.819
128.901
128.026
127.15
126.277
125.414
124.561
123.703
122.853
122.007
121.173
120.343
119.519
118.706
117.896
117.075
116.299
115.505
114.728
113.965
113.184
112.434
111.677
110.937
110.181
109.464
108.749
108.027
107.328
106.624
105.935
105.238
104.576
103.903
103.244
102.584
101.945
101.307
100.681
100.054
99.4433
98.8392
98.2421
97.6519
97.0675
96.4924
95.9201
95.3564
94.8067
94.2614
93.72
93.1873
92.6632
92.143
91.6369
91.1354
90.6397
90.1546
89.6797
89.2069
88.7374
88.2825
87.8332
87.386
86.9497
86.5168
86.0984
85.6829
85.2733
84.8704
84.4775
84.0899
83.7086
83.3342
82.9675
82.6067
82.2517
81.9063
81.5666
81.2314
80.9018
80.5804
80.2641
79.9525
79.6496
79.354
79.0622
78.7739
78.4923
78.2165
77.9464
77.6819
77.4287
77.1743
76.9252
76.6836
76.4504
76.2183
75.9925
75.7709
75.5563
75.3433
75.1374
74.9307
74.7341
74.538
74.351
74.1641
73.9838
73.8076
73.6333
73.463
73.2991
73.1383
72.9787
72.8242
72.6744
72.5254
72.382
72.2412
72.1043
71.9715
