-13.1618
-14.6454
-15.2262
-14.2258
-14.1527
-14.8825
-15.3178
-15.9028
-17.0795
-19.1634
-19.9068
-19.6415
-19.58
-19.7346
-19.7391
-19.4759
-19.5275
-19.5344
-19.56
-19.5086
-19.2534
-19.1322
-19.0219
-18.9753
-17.723
-17.8168
-17.8612
-17.7577
-17.7035
-17.6901
-17.6134
-17.4356
-17.4293
-17.4377
-17.4612
-16.8545
-16.6971
-18.4079
-18.2298
-18.0107
-18.033
-18.064
-18.0593
-18.0875
-17.93
-18.1781
-17.4612
-17.5912
-17.6855
-16.0458
-15.4679
-15.6183
-15.9294
-15.812
-16.0565
-15.8862
-15.408
-15.7539
-16.0016
-15.5035
-15.5224
-15.6523
-15.1679
-14.876
-13.6561
-13.7391
-13.5734
-13.6816
-13.7988
-13.8257
-13.9306
-14.0748
-14.1668
-14.349
-14.3663
-14.4873
-14.6917
-14.6936
-14.8672
-15.0936
-15.1305
-15.2989
-15.4065
-15.5825
-15.7453
-15.8648
-15.8974
-15.5807
-15.6511
-15.6872
-15.5099
-15.6663
-15.8869
-15.8057
-15.9832
-16.1556
-16.2656
-16.407
-16.6478
-16.8454
-16.9152
-16.9791
-17.1864
-17.354
-17.3796
-17.6206
-17.721
-18.0117
-18.3352
-18.5304
-18.6623
-18.8689
-19.2001
-19.0283
-19.1613
-19.2663
-19.5084
-19.6871
-19.973
-20.2289
-20.194
-20.4985
-20.983
-21.0839
-21.2893
-21.4034
-21.6049
-21.8773
-22.088
-22.2405
-22.3179
-22.4963
-21.2216
-22.1006
-22.6021
-22.9495
-23.0678
-23.7238
-23.9451
-24.2675
-24.4601
-24.829
-25.1801
-25.3557
-25.4842
-25.5814
-25.6837
-25.9104
-26.063
-26.3481
-26.5633
-26.8199
-27.0228
-27.1926
-27.4385
-27.7449
-28.1229
-28.6874
-28.843
-28.9308
-29.1873
-29.4445
-29.5958
-29.8574
-30.1562
-30.3826
-30.4312
-30.5432
-30.8205
-31.0926
-31.5998
-31.8284
-32.0204
-32.2704
-32.4909
-32.7863
-32.7092
-32.8082
-33.1306
-33.3707
-33.6057
-33.6996
-34.0782
-34.4692
-34.7658
-34.4266
-35.1914
-35.695
-36.0143
-36.2684
-36.6092
-36.9259
-37.2262
-37.3774
-37.5146
-37.6134
-38.0099
-38.5418
-38.8734
-39.1618
-39.6627
-39.9153
-40.079
-40.4419
-40.702
-41.0748
-41.1049
-41.3944
-41.6399
-41.8773
-42.1024
-42.3059
-42.5522
-42.6922
-42.9501
-43.249
-43.4306
-43.6339
-43.8234
-44.0861
-44.441
-44.6749
-44.9144
-45.1398
-45.322
-45.691
-45.9173
-46.0621
-46.3257
-46.573
-46.7478
-46.907
-47.1296
-47.3845
-47.6278
-47.8792
-48.0922
-48.2328
-48.5201
-48.6613
-48.8921
-49.125
-49.2328
-49.3813
-49.5899
-49.7593
-49.8779
-50.0214
-50.1822
-50.3577
-50.485
-50.6068
-50.8014
-50.9575
-51.0449
-51.2062
-51.0588
-51.215
-51.2696
-51.3656
-51.4193
-51.5643
-51.6901
-51.7454
-51.8871
-52.0727
-52.1758
-52.3022
-52.3892
-52.4585
-52.4883
-52.5359
-52.6004
-52.6206
-52.4828
-52.5828
-52.9447
-52.8606
-53.0191
-52.7203
-52.7887
-52.912
-52.9995
-53.0309
-52.9907
-53.059
-53.1772
-53.4251
-53.7156
-53.8267
-53.8316
-53.9324
-53.9706
-54.081
-54.1329
-54.1584
-54.205
-54.2701
-54.294
-54.3495
