-30568.9557750248
-32212.0740707949
-33198.0621789122
-29116.4741881292
-27948.3710062934
-28807.4209536912
-28935.0994490487
-28391.4282751709
-27410.0428628753
-26014.6384067032
-25791.8976748362
-24494.8113130754
-23915.2278499946
-24420.5842367155
-24992.7558367168
-24694.1029032694
-24563.4091273123
-24401.1527050505
-24646.0135643145
-24211.9228637373
-24336.2603676133
-23858.1865511858
-24164.0896837856
-24196.1368594041
-21473.8013523231
-21917.6856776336
-22138.5128860109
-21653.0495602728
-21519.7778978695
-21441.231193699
-21148.9981698222
-20377.8740802779
-20302.9561737609
-19951.7560687176
-19898.2312370422
-19739.5018730679
-19370.5489873058
-22238.4497002656
-22056.0374193092
-21757.5601403266
-21674.6995930968
-22224.8294573928
-22519.7237875743
-22425.0554293079
-22096.1572317934
-22365.5072482117
-21380.2270098895
-21772.8449389366
-22128.9049815016
-20822.3295769031
-19472.828004222
-19695.1446539391
-20282.080338002
-20093.0507714473
-20813.7779933336
-20271.1963059433
-19117.2183834777
-20086.9613016024
-20590.9578906056
-19201.0032381928
-19316.7516151918
-19552.4874509311
-18857.8175225819
-18105.7148305685
-16233.5650769361
-16330.0055678894
-15943.7461950248
-16089.3115519915
-16273.058362477
-16361.779714911
-16530.709818532
-16900.6951318926
-16986.1033712898
-17207.9614386696
-17208.1494767763
-17230.8174668362
-17407.1859713889
-17775.4297529799
-17966.2376248982
-17905.733835532
-17630.6978135774
-17795.8799770785
-17838.9593838974
-18009.3873105886
-18201.2468641272
-18121.3942822644
-18008.3330184006
-16551.1955933005
-16478.7588381332
-16152.0109566868
-15420.6776185515
-15566.2005704891
-15742.9947044352
-15419.7212192977
-15604.6432864601
-15641.2301805334
-15645.9616538241
-15684.6185213165
-15912.70507672
-16079.9982211408
-15971.8850469719
-15505.1284528381
-15755.298889359
-15967.4735820966
-15745.0982298598
-15788.6405410736
-15753.5751793714
-16181.2693090898
-16463.9160016253
-16586.6419384636
-16643.3985652945
-16762.9264457429
-16549.8036427172
-16352.7811479208
-16366.4348406184
-16307.409280878
-16478.0511718067
-16441.6558651779
-16699.0644986545
-16835.8233111166
-16301.8245039413
-16595.9711142199
-16405.5422817892
-16204.4265380343
-16187.4352485654
-16098.4657600406
-16099.3177997323
-16186.6194944422
-16247.0617830424
-16113.2577495643
-15968.2472404331
-15657.462080536
-13493.3077831845
-14506.4530156441
-15047.0631008268
-14898.9858662176
-14920.7452103841
-15838.4099835297
-15913.4082716048
-16114.0128414953
-16062.5257239231
-16268.463131464
-16508.3398599075
-16439.2308548129
-16294.1578996159
-16084.2878727649
-15864.5765755515
-15859.3848086657
-15718.0299150364
-15817.8744577749
-15790.9069934025
-15817.1006541134
-15774.4504105301
-15690.5130643262
-15390.2721911834
-15441.8671868735
-15655.331956384
-13529.5662101402
-13432.2574292028
-13269.7298544122
-13246.4270839049
-13213.7263435696
-13072.9540468348
-12999.5285097136
-12980.9089391397
-12910.2805517555
-12324.1385671843
-12180.9583723059
-12140.4957217457
-12121.2678416542
-12294.316350727
-12223.4913691609
-12127.3247762285
-12077.3844627044
-11995.4998457396
-11980.6303481867
-11646.7117536566
-11218.7759088757
-11213.7156281957
-11170.4363952236
-11085.2621936002
-10898.362095719
-10924.9711190472
-10947.5947416004
-10881.7426814423
-10374.7945267229
-10581.102944575
-10651.5428188429
-10619.2831262099
-10486.4407871508
-10463.7426229535
-10413.5887152463
-10348.1389900089
-10160.2219407975
-10008.925236685
-9783.29184017096
-9707.3105949567
-9774.65253954404
-9730.83860104027
-9651.02654620184
-9673.1247896714
-9562.12739234956
-9396.95629941744
-9322.71573501394
-9218.69797429457
-9149.99123091075
-8883.19358963292
-8827.79910428663
-8701.9940659438
-8582.13058663386
-8454.4715740747
-8329.20309326189
-8227.39901990336
-8054.33114253702
-7951.82531792169
-7870.07136132442
-7746.54217534996
-7620.19886382796
-7494.25526291366
-7398.83169638097
-7311.36140435481
-7198.9397047462
-7092.05615195889
-6969.88989100111
-6857.31965950515
-6785.83082526472
-6689.50045129361
-6539.88531312989
-6450.35035621072
-6355.21020761612
-6242.84601914179
-6120.32106501604
-6029.24433195211
-5934.57197463545
-5838.26506248923
-5747.46932819475
-5652.07283160099
-5536.55949036569
-5461.54400259704
-5357.33540610668
-5270.0671674704
-5185.50352476882
-5073.75121704471
-4976.11668687055
-4891.51751526509
-4803.84215466808
-4706.95929306658
-4619.13980354997
-4529.1722863283
-4451.20721795505
-4361.35312385527
-4276.32258858974
-4195.82681108415
-4112.53828715928
-4030.43238707844
-3955.1880853467
-3835.413812493
-3762.32867973892
-3680.80922656904
-3600.800734104
-3526.49609322322
-3458.68104135399
-3387.59770686535
-3313.59995905932
-3242.85871487355
-3187.0954871899
-3123.01998517728
-3062.06264185278
-2998.6661181503
-2931.38054232267
-2866.21405239959
-2804.24853116416
-2744.74894081615
-2681.11539128065
-2604.52622439761
-2557.28489144282
-2525.21135264469
-2458.6523550038
-2410.9831662273
-2315.70708934751
-2265.8201902801
-2222.96319087827
-2181.18701595837
-2135.28440130934
-2083.361204631
-2035.86183185009
-1991.26620060579
-1960.1221016107
-1931.51121311621
-1893.42725087845
-1850.08136745324
-1812.14686040217
-1771.16733366758
-1737.01685120126
-1701.67268364581
-1665.46571133953
-1631.97932683037
-1597.58897987346
-1563.84960673216
-1532.94606818376
