130723.377568148
123263.565959523
121968.707066875
114849.694034647
110835.561004105
108399.477590978
105639.95447213
99650.4001823165
89211.29866836
74857.7994537542
71222.9188193013
68632.0752387456
67236.0212657088
68074.486251293
69652.2516214391
69827.3236838041
69259.2652664918
68775.4732988062
69367.2534820114
68339.7599881682
69675.063543062
68773.3082619909
70090.5706265398
70369.2166184262
67193.1740929908
68196.8898432799
68701.1869126432
67612.8114036117
67416.1569319727
67224.35729487
66616.0296863514
64884.5677681399
64670.8980887566
63519.6342411887
63258.4659573499
65156.3304249338
64577.2773345268
66820.4837317028
66966.4120239993
66920.3584045249
66577.3660971881
68141.9076316462
69065.2790954424
68660.2651112888
68288.7475412155
68112.8100299069
67969.8786466887
68673.2976061658
69399.6558608879
72397.6252873036
70369.8200713771
70453.1964182635
71062.3810266222
70950.6141164827
72317.0484943503
71227.6950879074
69366.7916202589
71204.4398750382
71801.6364074476
69220.1608193517
69548.359464814
69783.1505367964
69562.3063296136
68161.1664401669
66815.2037031459
66790.2573427645
66037.6768918973
66093.244748181
66258.0164654921
66484.4837221492
66644.8457140947
67409.9563695811
67292.3664457556
67269.1092713829
67185.3464558673
66687.6036959986
66391.4281877373
67786.7558971284
67677.9786490088
66391.084662785
65204.2452011088
65055.6884021791
64735.2476734248
64578.5226835301
64557.0233129681
63764.3032092151
63229.634086466
59356.9080909906
58817.7040813788
57511.9266852978
55567.8809402941
55503.8197954817
55314.2091740099
54471.455085477
54480.1433066428
53993.6061093309
53624.5109263205
53267.7339207402
53215.9079782665
53107.4024197014
52519.5679561087
50781.2340438965
50939.9476790756
51095.9926339145
50305.4299588232
49710.0828977861
49300.0816822639
49766.2451083735
49679.8809529716
49484.9766479201
49277.5469710775
49047.359284824
47524.2953828618
47415.8311218754
47100.4098391701
46654.602225246
46510.9093712359
45952.3611956019
45947.6611644138
45687.3021943391
44321.3834207902
44391.4838912373
42775.8298066844
42029.9135238636
41541.5454223059
41071.2686087586
40652.0774080885
40311.6230055569
40035.7409030731
39404.6900039336
38899.9893326258
37807.3627073693
34748.9634853797
35724.0125112635
36144.5133359095
35186.0041538997
35035.7454427161
36040.2217640739
35834.4682977328
35742.6255408598
35311.1398741008
35161.4300349146
35113.6588176138
34690.1367558874
34185.6701036031
33598.484841225
32988.1686695164
32646.0316861125
32137.0036811154
31937.5084757417
31584.2272853985
31285.532286628
30928.6698559076
30540.1379299146
29642.0775650305
29356.5030579761
29291.6483861087
24725.1650996598
24389.8092726373
24007.5625216497
23714.0318360415
23408.0587005257
23016.4891434238
22645.8193805202
22342.7042929849
22020.3593722937
20979.8021872667
20643.5556407357
20349.3135540311
20099.5241851861
19984.2823165668
19692.6714073548
19392.4089945492
19126.4027119588
18835.76413796
18600.0650972008
18135.212001166
17402.6623327131
17181.7397576602
16959.7214938885
16681.0603484652
16341.6517338547
16149.3471016009
15947.2074127003
15676.7348355733
15136.9253726865
15004.4504226682
14825.9204040881
14608.5205974251
14292.0733928839
14084.7159985776
13856.548113787
13620.2323256051
13299.8878568106
13037.0054692959
12697.7191266796
12420.3668002616
12270.0376519873
12071.0232855589
11849.4487789309
11666.7808282081
11429.9722231718
11167.5492529399
10937.937691088
10716.9684434889
10498.1491927985
10181.2381805508
10015.1456871259
9787.55489569683
9572.56786625008
9355.96122283343
9151.78130153887
8962.22413061028
8730.77958124922
8542.19201161268
8366.42483129211
8182.98001558871
7992.52264780746
7808.55089336625
7638.70930057089
7455.43662402887
7281.10128603006
7113.27896454667
6935.9599631068
6780.67387184078
6624.09624435569
6478.66141361336
6301.80971874017
6158.55556238898
6015.49904173476
5873.13497373298
5725.89279095592
5596.91784914013
5460.08238823111
5325.87622486832
5197.02828408319
5072.70397822286
4944.5551565375
4828.55134695659
4712.94934784745
4598.65238382404
4487.8652087056
4374.47839861363
4267.86580485475
4164.49475768128
4065.41420486695
3966.73173832239
3872.97944690653
3775.9485198895
3687.89746654172
3597.14017257292
3511.76110074662
3421.86212958491
3335.32180419656
3258.55348909439
3179.34825930276
3099.34506509648
3023.36855213088
2952.09207676593
2878.02275927
2813.22046844562
2744.82738879487
2676.31400424924
2612.66297011729
2543.90524889758
2483.52591811194
2424.57603227519
2366.44315033546
2310.18437390989
2252.70265159253
2200.25344638455
2148.98530843365
2098.48865936622
2048.3404745154
1999.76577691617
1956.40865270993
1906.70725298205
1862.12332839
1815.54633831489
1762.79981244203
1720.55556926217
1680.48209582855
1643.67215314205
1607.24745509987
1570.45552370593
1530.84762194544
1490.89366516361
1454.38327973656
1418.02653575536
1384.42474354183
1352.48856804867
1319.87121187431
1288.21748402546
1258.26856256638
1230.31707304811
1203.01093280665
1176.80412864601
1149.24880312615
1123.98828482492
1099.52653539601
