134250
127403
126406
118483
114305
112162
109531
103616
93327.2
79249.3
75749.1
72872.2
71362.6
72322.2
74000.5
74065.2
73486.1
72975.9
73615.5
72502
73802.9
72794.1
74139
74412.9
70541.1
71632.4
72180.1
70995.4
70767.5
70560.9
69892.6
68009.3
67783
66579.4
66314.2
68080.8
67419.9
70423.9
70505.1
70368.5
70016.7
71674.7
72644
72229.6
71774.6
71690.8
71253.2
72042.2
72842.3
75332.5
73014.4
73154.3
73900.1
73740.9
75252.7
74056.1
71952.9
73983.5
74695.8
71833.9
72181.1
72470.6
72073.1
70524.9
68759
68757.6
67935.1
68023.4
68227.1
68468.2
68664.4
69496.3
69403.1
69435.2
69354.1
68877.7
68635.5
70078.6
70022.1
68763.3
67545.8
67445.8
67148.2
67042.7
67073.8
66289.3
65744.1
61621.3
61082.5
59737
57667.9
57645.3
57510.9
56611.9
56670.9
56213.5
55860.4
55528.9
55544.1
55488.4
54894.5
53095.6
53320.8
53532.8
52711.9
52157.2
51755.9
52330.8
52336.9
52190.8
52012.3
51832.8
50323.5
50156.5
49862.9
49422.5
49343.6
48805.2
48888.1
48690.6
47224.3
47392.3
45813.9
45045.5
44584
44113.6
43723.9
43440
43206.8
42571.9
42049.9
40921.3
37276.8
38557
39151.5
38210.4
38080.6
39366.9
39209
39207.1
38792.8
38742.6
38800.7
38388.2
37870.3
37250
36604.7
36294.4
35774.9
35640
35311.7
35056.6
34719.1
34335
33399.3
33170.1
33212.8
28184.8
27844
27430.8
27162.9
26880.1
26470
26111.7
25839.9
25525.9
24331.8
23969.4
23695.7
23471.6
23463.2
23177.9
22872.2
22620.4
22331.1
22124.6
21553
20705.4
20517.3
20307.9
20028.5
19642.4
19497.6
19343.3
19083.3
18351.1
18360.1
18255.5
18060.4
17726.5
17546.2
17333.4
17105.4
16736.7
16436
16029.5
15763.8
15687.5
15504.8
15282.4
15155.3
14902.3
14595.1
14371.9
14136.4
13926
13511.8
13350.4
13096.6
12856.4
12610
12374.6
12166
11878.5
11670.5
11486.3
11268.1
11043
10823
10634.5
10442.2
10239.1
10044.7
9832.95
9643.67
9482.94
9312.49
9082.01
8918.23
8750.71
8571.28
8381.18
8226.62
8064.22
7902.55
7748.71
7594.62
7423.08
7289.95
7135.33
6994.37
6857.87
6699.18
6555.64
6424.17
6293.21
6155.52
6027.97
5896.71
5780.47
5653.39
5533.48
5414.25
5295.03
5182.91
5074.62
4931.16
4826.58
4718.39
4609.64
4511.14
4415.49
4317.23
4219.71
4121.6
4040.48
3953.71
3869.92
3785.36
3696.98
3613.35
3532.98
3455.04
3374.03
3283.69
3219.82
3164.21
3084.23
3018.12
2910.32
2845.04
2786.68
2731.16
2672.58
2608.97
2547.2
2487.55
2440.76
2396.15
2345.57
2291.73
2241.86
2190.1
2144.87
2099.85
2054.51
2012.02
1968.01
1925.87
1886.5
