767150
743322
719720
697000
675184
654200
633696
613750
594385
575771
557751
540316
523306
507079
491207
475519
460834
446374
432615
418990
405940
393197
381015
369047
357488
346455
335834
325237
315074
305368
296032
286870
277958
269353
261056
253053
245267
237689
230441
223407
216595
210009
203612
197440
191476
185676
180101
174687
169480
164449
159547
154789
150224
145826
141595
137521
133510
129668
125983
122374
118925
115560
112345
109278
106236
103343
100588
97877.5
95300.8
92814.4
90419.4
88112
85892.3
83729.4
81688.9
79706
77784.4
75974.5
74223.6
72532.4
70906.5
69359.5
67875.3
66452.2
65074.7
63772.1
62516.3
61319.1
60178.8
59086.5
58040.3
57047.4
56092.7
55183.5
54318.5
53495.7
52715.1
51965.7
51256.6
50582
49940.2
49329
48752.7
48201.9
47681.6
47186.2
46719.1
46275.9
45855.4
45458.7
45083.4
44727
44391.6
44074
43773.7
43490.9
43224.4
42971.7
42734.2
42509.6
42298.3
42101.9
41911.1
41732.2
41564.4
41407.3
41260.3
41119.3
40988
40865.6
40751.8
40643.4
40541
40445
40352
40267.7
40186
40110.7
40041
39974.1
39912.4
39854.8
39800.3
39748.6
39699.8
39654
39610.5
39570.2
39532.3
39496.5
39463.6
39432.4
39403.1
39375.9
39350.1
39326.5
39303.4
39281.6
39261.6
39242.5
39224.7
39208
39192.3
39177.8
39164
39151.3
39139.5
39128.1
39117.8
39108.1
39099
39090.5
39082.1
39074.3
39067
39060
39053.7
39047.6
39041.9
39036.8
39031.9
39027
39022.8
39018.7
39015.1
39011.7
39008.5
39005.4
39002.4
38999.8
38997.5
38994.9
38993
38990.9
38988.8
38986.9
38984.9
38983.5
38981.8
38980.3
38978.9
38977.9
38976.6
38975.2
38974.3
38973.3
38972.2
38971.4
38970.7
38969.8
38969.4
38968.6
38968.1
38967.3
38966.7
38966.6
38965.7
38965.7
38965.1
38964.9
38964.2
38964.1
38963.9
38963.4
38963
38962.8
38962.4
38962.3
38961.7
38961.4
38961.2
38961.1
38961
38960.8
38960.5
38960.4
38960.3
38960.2
38960.3
38960
38960.3
38960.3
38960
38959.8
38959.9
38959.8
38959.7
38959.7
38959.8
38959.7
38959.4
38959.4
38959.3
38959.4
38959.4
38959.5
38959.4
38959.5
38959.2
38959.3
38959.4
38959.3
38959.2
38959.2
38959.1
38958.7
38958.6
38958.4
38958.4
38958.3
38957.8
38957.8
38957.3
38956.9
38956.5
38956.3
38955.9
38955.4
38954.9
38954.2
38953.9
38953.2
38952.5
38952.1
38951.1
38950.1
38949.1
38948.2
38946.9
38945.8
38944.7
38943.4
38942.2
38940.5
38938.8
38936.9
38934.8
38932.7
38931.1
38928.6
