1069.82
1062.58
1058.38
1054.91
1051.92
1049.1
1046.42
1043.74
1041.16
1038.76
1036.35
1034.05
1031.7
1029.42
1027.21
1025.01
1022.86
1020.77
1018.71
1016.76
1014.76
1012.79
1010.85
1008.92
1007.04
1007.11
1005.26
1003.43
1001.73
999.989
998.357
996.723
995.052
993.416
991.83
990.324
988.83
987.34
985.875
984.434
983.057
981.677
980.333
980.625
979.268
977.916
976.659
975.359
974.109
972.927
971.705
970.519
969.359
968.202
967.127
966.034
964.971
963.892
962.851
961.856
960.857
959.875
958.926
957.978
957.066
956.158
955.297
954.429
953.585
952.743
951.93
951.128
950.39
949.605
948.867
948.118
947.422
948.27
947.533
946.837
946.176
945.519
944.863
944.246
943.614
942.992
942.384
941.796
941.233
940.696
940.121
939.617
939.106
938.596
938.123
937.625
937.152
936.68
936.245
935.849
935.411
934.98
934.553
934.19
933.782
933.374
932.993
932.62
932.256
931.902
931.593
931.247
930.924
930.586
930.283
929.982
929.676
929.366
929.075
928.773
928.497
928.267
927.943
927.658
927.383
927.132
926.895
928.067
927.844
927.636
927.431
927.258
927.021
926.802
926.58
926.378
926.166
925.991
925.795
925.597
925.424
925.283
926.412
926.242
926.061
925.892
925.744
926.76
926.602
926.477
926.316
926.172
926.052
925.94
925.816
925.699
925.567
925.456
926.473
926.349
926.232
926.138
926.049
927.133
927.059
928.146
928.081
927.997
927.927
927.866
927.788
927.735
928.818
928.757
928.688
928.617
928.541
928.496
928.422
928.374
928.336
929.466
930.762
930.708
930.664
930.637
930.581
930.531
930.497
930.463
930.439
930.418
930.374
930.339
930.318
930.289
930.258
930.219
930.229
930.217
930.183
930.152
930.119
930.106
930.085
930.075
930.065
930.045
930.031
930.005
929.997
929.998
929.989
929.979
929.966
929.979
929.962
929.974
929.964
929.947
929.928
929.957
929.94
929.935
929.917
929.91
929.924
929.914
929.911
929.911
929.913
929.944
929.957
929.977
930.002
930.009
930.023
930.05
930.064
930.076
930.085
930.087
930.098
930.086
930.136
930.156
930.156
930.156
930.176
930.195
930.209
930.23
930.275
930.297
930.312
930.336
930.364
930.389
930.41
930.424
930.439
930.464
930.48
930.497
930.515
930.53
930.555
930.562
930.586
930.6
930.634
930.665
930.667
930.674
930.69
930.716
930.748
930.78
930.813
930.847
930.865
930.9
930.938
930.95
930.967
930.996
931.023
931.059
931.092
931.103
931.124
931.144
931.175
931.206
931.21
931.241
931.245
931.271
931.311
931.336
