-11.4564
-11.5606
-11.4158
-11.2944
-11.2788
-11.2208
-11.1867
-11.1536
-11.0531
-11.0228
-10.9906
-10.945
-10.9664
-11.0445
-11.0392
-11.1663
-11.193
-11.1484
-11.0749
-10.9861
-10.9582
-10.8696
-10.8487
-10.8051
-10.7822
-10.7757
-10.7629
-10.7182
-10.658
-10.6367
-10.612
-10.5588
-10.5385
-10.5198
-10.494
-10.4886
-10.4777
-10.459
-10.4425
-10.4166
-10.4306
-10.3993
-10.4178
-10.3978
-10.4944
-10.6192
-10.6081
-10.5665
-10.5093
-10.342
-10.2842
-10.2664
-10.2967
-10.3026
-10.3024
-10.273
-10.2772
-10.3107
-10.3277
-10.3354
-10.3176
-10.3412
-10.615
-10.6306
-10.6654
-10.6968
-10.7084
-10.7606
-10.8128
-10.871
-10.959
-10.9912
-11.0326
-11.5491
-11.6609
-11.6915
-11.7543
-11.8221
-11.8852
-11.9322
-11.9843
-12.0554
-12.1136
-12.1769
-12.2444
-12.3178
-12.3983
-12.481
-12.573
-12.6509
-12.7277
-12.8242
-12.926
-13.0141
-13.12
-13.2395
-13.3318
-13.444
-13.5548
-13.6741
-13.8104
-13.9902
-14.1017
-14.2436
-14.3635
-14.4898
-14.6252
-14.7624
-14.8876
-15.0022
-15.1631
-15.3404
-15.4973
-15.6347
-15.7984
-15.9717
-16.1407
-16.3053
-16.4857
-16.6711
-16.8402
-17.03
-17.2091
-17.3992
-17.6022
-17.8026
-18.0027
-18.2277
-18.4309
-18.6443
-18.8166
-19.0298
-19.236
-19.4696
-19.7175
-19.9521
-20.1954
-20.7709
-21.0157
-21.2524
-21.5078
-21.7306
-21.9941
-22.2409
-22.5226
-22.7995
-23.0526
-23.3065
-23.576
-23.8609
-24.1461
-24.4434
-24.729
-25.0291
-25.3297
-25.6447
-25.9614
-26.2727
-26.5711
-26.8731
-27.1905
-27.5373
-27.8417
-28.1202
-28.4539
-29.0386
-29.3778
-29.6856
-30.0249
-30.384
-30.7213
-31.0161
-31.329
-31.7016
-32.0713
-32.4238
-32.8135
-33.1702
-33.5295
-33.893
-34.4491
-34.8078
-35.141
-35.4906
-35.8514
-36.2183
-36.5753
-36.9142
-37.2798
-37.6421
-38.02
-38.3656
-38.7434
-39.1101
-39.4885
-39.8599
-40.1259
-40.5596
-40.8767
-41.2529
-41.6161
-42.0014
-42.3657
-42.7407
-43.0938
-43.464
-43.8148
-44.1745
-44.5191
-44.8538
-45.1795
-45.5294
-45.8441
-46.1667
-46.5002
-46.8195
-47.1761
-47.5053
-47.8227
-48.1439
-48.4673
-48.7625
-49.086
-49.4132
-49.7115
-49.9952
-50.2892
-50.5901
-50.8689
-51.1546
-51.4357
-51.7073
-51.9587
-52.2134
-52.4606
-52.7025
-52.9438
-53.1721
-53.3849
-53.6
-53.8348
-54.0424
-54.2321
-54.422
-54.6207
-54.7941
-54.9576
-55.1272
-55.3043
-55.4246
-55.5594
-55.7109
-55.8423
-55.9603
-56.0946
-56.2164
-56.3247
-56.4327
-56.5349
-56.613
-56.68
-56.7596
-56.828
-56.8915
-56.942
-56.9598
-56.9723
-56.9899
-57.0131
-57.0378
-57.0512
-57.0441
-57.0419
-57.0226
-56.9991
-56.9655
-56.9033
-56.8476
-56.7939
-56.7225
-56.6526
-56.5514
-56.4662
-56.3678
-56.2623
-56.1381
-56.0204
-55.8861
-55.7417
-55.5889
-55.4215
-55.2471
-55.0631
-54.865
-54.6681
-54.455
-54.2304
-53.9938
-53.7472
-53.5046
