-497.481053854036
-499.084763092917
-494.583602144601
-491.852566810109
-492.916840372792
-495.104273380494
-495.042858192733
-494.204069063328
-487.845374270162
-486.954799808264
-487.158883765103
-486.050935020725
-484.404384299466
-486.041392900133
-482.594173625146
-482.871029796959
-481.516555066598
-476.938502898567
-473.026711760193
-468.289740507766
-466.010600427836
-462.554166984932
-461.393111154179
-460.337011898807
-458.688245496801
-457.117461345165
-455.54817542597
-453.897835712107
-451.474195913131
-450.792747347965
-448.724829230022
-446.029935828364
-444.574899667977
-444.395590775201
-442.4491598528
-442.426098334256
-452.278876018418
-450.462274786593
-449.063528048199
-445.315080521654
-445.12485397593
-442.75871556737
-443.228466622927
-441.051369159483
-442.338338085106
-444.125761467535
-443.904323257199
-441.369165867992
-438.043769826431
-422.757841562226
-419.399411317073
-417.87928925721
-418.073322501246
-417.308749021478
-416.882241859759
-413.600982654592
-412.546148574515
-411.134313196031
-410.189535375323
-409.00831510562
-404.632738339322
-404.058286049356
-425.503621104765
-424.791688356203
-425.274148337017
-427.744100910343
-426.892586377613
-428.058499862146
-429.119842962583
-430.647483555904
-438.632747989541
-438.708391223787
-439.312774012105
-455.946814153961
-458.407920671807
-458.44717959651
-458.880771967206
-460.254695709896
-461.757502722656
-462.308305284863
-463.684891421831
-465.578598038711
-467.039405838316
-468.23243503705
-469.136337827611
-470.503679275203
-472.422673001495
-474.454253674375
-476.63288285331
-477.967714048074
-479.098696460035
-481.611789995856
-483.799741181867
-485.35379944895
-487.325299180924
-490.888057899533
-492.466088796803
-494.893237270882
-496.725574015133
-499.22492288801
-501.581655405649
-504.742866777514
-506.072512804152
-509.505121760313
-511.558374432134
-513.919000657829
-516.980894535846
-519.79707470568
-522.025166011862
-523.150834972986
-527.234020972916
-532.106244834324
-535.387905154148
-537.006468436864
-539.761377121515
-542.758086430702
-546.000148860565
-548.60746170735
-552.273561724617
-556.381422232512
-559.402785081358
-563.017872196368
-566.092163590846
-569.357270883217
-573.196382269908
-576.246773207175
-578.245377488893
-582.672946111141
-585.798401625247
-589.077285821941
-589.957821323531
-593.585494503832
-596.342278829701
-599.635356498947
-603.631807780834
-607.673683363644
-610.985758096496
-628.152794365851
-631.794637622066
-634.472627474677
-638.350478052633
-640.150020867509
-643.84078370445
-645.837303357274
-649.806155215973
-653.279589113788
-655.028377839702
-656.881361714551
-659.234563013356
-661.52378563778
-663.977607092672
-665.97682367855
-668.218589202531
-669.382130298141
-671.289645864162
-672.437552624439
-674.609818423613
-676.749539266465
-678.150268917125
-679.321235211023
-680.760210841263
-683.23918281847
-684.077986270716
-683.022223492481
-684.422597651301
-687.931362755211
-689.269974081582
-688.760457867482
-689.148285166661
-690.690532231203
-690.507348296676
-687.959187502928
-686.590790293535
-687.82619709741
-688.227495034737
-687.309816974904
-687.614001337717
-685.715449131221
-684.956252963876
-683.749245934183
-678.565419109993
-677.021698236064
-673.953231306871
-671.585245556198
-669.197874696395
-666.877950207114
-663.975748936135
-660.301848356402
-657.035601826606
-653.734567234917
-650.422790396124
-646.2428356463
-642.856306572866
-638.691447083516
-635.139239017386
-630.829716957387
-622.87574954083
-620.188552933031
-613.094789419912
-608.035008928702
-602.784067457287
-598.331412556242
-593.083223080865
-588.216009411742
-582.804754312354
-577.562478023966
-571.975704540697
-566.256335393649
-560.391734165666
-553.85812301312
-547.282551584528
-541.181137323886
-534.614238722387
-527.950258674978
-521.706934019377
-515.175070940643
-509.101270133834
-502.463174744681
-495.608053144728
-488.927154770557
-482.255286930753
-475.128077018181
-468.782348827916
-462.3493051524
-455.29055906138
-448.317440757584
-441.620843159377
-435.06528418376
-428.162989661833
-421.550921533788
-414.82933549433
-408.089452908307
-401.329848372512
-394.473461855778
-387.626838916597
-380.898885831317
-374.393151054789
-367.571461956442
-360.831128824734
-354.272395118611
-348.068270167089
-341.628299704297
-335.154149116194
-328.820475663997
-322.748716149109
-316.391044248035
-310.109362990115
-304.034964101884
-298.101076725919
-291.833901277075
-285.798501032113
-280.108445661742
-274.370968439042
-268.698020208356
-263.235003021921
-257.819102889935
-252.465790841964
-247.19806891234
-242.029452269857
-236.834173428243
-231.637676124858
-226.668477658313
-221.834353696461
-217.07632067707
-212.336561167963
-207.5174132028
-202.690799979503
-198.066276529811
-193.608161966483
-189.348028121174
-185.168367542558
-180.913574744072
-176.806025423078
-172.824639549842
-168.931689212521
-165.065440186617
-161.257692173991
-157.531950603112
-153.944702506632
-150.368750421295
-146.916851797857
-143.393317325542
-140.111446325333
-136.797007697922
-133.623856042806
-130.432407458656
-127.39064636521
-124.396453819973
-121.433065917437
-118.532454134295
-115.725050380061
-112.970843693469
-110.250187079667
-107.591181796696
-105.024854534832
-102.464101075705
-99.9904951010961
-97.5452170885443
-95.1578597784328
-92.8702765654096
