2454.75748632248
2439.86818319115
2449.37511961514
2462.7343196988
2471.56684030129
2495.70386746512
2503.19863194121
2506.5648945362
2497.38766692382
2499.8537974337
2508.41226682711
2513.39405787582
2499.87051052079
2490.13903252162
2473.69484223157
2446.22744925381
2433.39658576172
2420.1525890846
2416.64063939208
2412.26615632172
2406.78984134238
2408.89228746428
2407.5876634049
2412.00466978737
2408.59308058523
2401.82747717927
2396.49681993657
2398.01090548727
2398.9975161564
2400.28559997315
2394.96566097147
2392.85479318009
2389.74867320503
2393.12834601481
2388.63799556265
2389.77113797801
2445.59016638265
2440.22085916297
2436.57408257514
2422.37810838027
2418.02061340943
2412.56852739754
2410.74362985264
2403.61971872893
2387.9466157266
2368.77464324931
2370.12859300789
2366.08555834758
2361.33358086405
2316.63176173894
2311.42895687644
2307.13118580411
2301.26231488563
2295.70954105482
2293.4087242622
2282.01149936786
2275.24107533605
2259.92686981522
2250.94076003092
2242.74980008347
2222.66888831063
2214.33685591756
2270.3710442187
2263.1688530915
2258.17369474897
2264.4649090318
2257.45103408597
2252.3750479873
2246.79786996422
2242.43260166431
2265.22285932116
2258.81118907044
2253.222849407
2231.26121724079
2221.20047234943
2215.41276199719
2205.32423709503
2198.87759003929
2194.00498941532
2187.7159760272
2184.40898365373
2180.00813254178
2176.02401866206
2169.89585288771
2161.72993202891
2154.7084067661
2149.00556547304
2143.48841799304
2137.062909669
2129.41696816938
2121.14653323392
2115.68559096974
2107.98443887339
2099.94042281215
2090.84928315702
2086.44083134692
2078.1256491813
2070.29074965415
2060.3277685163
2051.93359553068
2040.47576103234
2025.88918523132
2014.50614836096
2007.12090799234
1997.67068518521
1988.63773012152
1981.14766102502
1972.59357345283
1963.62493235095
1952.12566807751
1945.49475353411
1939.67820522073
1930.89975232135
1918.85359244966
1907.67960115631
1896.35701006274
1886.63092308598
1875.4471932206
1866.15451091811
1857.92013461142
1848.14404918643
1838.10571937184
1827.72062600416
1816.91016260915
1806.70324343891
1794.51876815717
1779.37096309699
1769.32644751334
1757.80924879616
1745.94104165308
1731.34530901816
1720.98916066158
1709.00353717604
1696.17756786734
1684.25714967615
1673.9226238531
1661.02216490426
1656.15727071144
1644.53424843388
1631.34135893913
1619.90035704977
1606.12855985545
1594.03443116478
1579.35235700973
1567.02228725166
1554.12869510453
1539.21982323016
1524.78527807427
1510.65281379561
1495.5678508966
1481.14216835505
1465.18667203979
1450.87659249303
1433.59320329636
1418.22102517752
1400.68006722465
1385.52338622863
1370.94278345328
1355.94264541965
1340.57483800472
1325.15651129795
1310.40670326489
1295.18360717691
1278.10224466409
1262.97187531007
1239.09160381215
1224.36612389006
1208.23110756104
1192.44276535683
1178.00708923426
1161.96270355304
1144.22793652764
1127.95697027152
1113.61596193953
1098.35042708519
1082.03323072349
1066.41616621483
1049.07350210687
1033.69924694066
1017.79480657175
989.200261265675
973.823650214738
957.481297003251
941.854601757204
926.113444779757
910.562805097791
894.849776903754
878.985702931008
863.113599436569
847.602555448115
831.904486003844
816.361937792196
801.171398078772
785.626651484255
770.80066641734
755.537797881392
739.010455047795
724.619826258455
708.357853824713
693.260259782049
678.547896364471
664.481702511403
650.290386584342
636.535741249245
622.933840560069
609.39023687192
596.142425378511
582.812918034214
569.878642150061
556.691887826995
543.864124071563
531.27163508494
519.089608833853
506.875442116724
495.077933541883
483.451747690815
471.827561331592
460.337172235195
449.032274104092
438.013508563341
427.154354617084
416.49279743833
406.272545200118
396.096550286786
385.957394009463
376.247006096487
366.781329852272
357.49256593544
348.344690461676
339.485954157185
330.730929260226
322.205214808821
314.019374448929
305.837242526999
297.860259102363
290.140928277039
282.701665165358
275.257845118362
268.124419639592
261.192136100846
254.422957265829
247.821434186293
241.435469745438
235.221419194985
229.190125513954
223.238126404603
217.483093333402
211.883223716664
206.381874436318
201.137849300928
195.987927324101
190.998951748335
186.166351153537
181.510114142739
176.922595334936
172.487997811526
168.216551892321
164.03472287906
159.983874531006
156.086276608679
152.273285363768
148.556068136118
145.009551909773
141.556166980835
138.198772036382
134.97048054526
131.768306707908
128.675389012882
125.667685221619
122.786521538902
120.014629365024
117.288775772966
114.635437204618
112.136739088789
109.709294409381
107.336114523484
105.109332771731
102.899205342794
100.76200023394
98.6893000316562
96.6804144271548
94.7250826464481
92.8566548644915
90.9985718893146
89.243119181545
87.5210986536335
85.8600989671804
84.2667507265787
82.7065803360984
81.1945992163344
79.769290021488
78.3791329320866
77.0172020908217
75.7145788048136
74.4495643099233
73.2084209005203
72.0348012105099
70.8868771152233
69.7797801901677
68.7088517344332
