2504.66
2490.39
2498.81
2511.37
2520.24
2544.34
2551.68
2554.82
2544.59
2546.84
2555.28
2559.96
2546.37
2537.13
2520.33
2493.43
2480.58
2466.7
2462.5
2457.3
2451.49
2452.9
2451.4
2455.54
2451.88
2444.94
2439.41
2440.59
2441.11
2442.25
2436.64
2434.07
2430.75
2434.04
2429.27
2430.38
2487.06
2481.45
2477.61
2462.97
2458.65
2452.86
2451.15
2443.75
2428.57
2410.05
2411.34
2406.9
2401.62
2354.89
2349.17
2344.67
2338.93
2333.33
2330.99
2319.19
2312.34
2297.02
2288.01
2279.74
2259.2
2250.9
2309.9
2302.69
2297.87
2304.51
2297.46
2292.69
2287.41
2283.41
2307.3
2301.02
2295.65
2277.37
2268.01
2262.35
2252.56
2246.53
2242.07
2236.03
2233.08
2229.17
2225.58
2219.84
2212.05
2205.48
2200.32
2195.37
2189.57
2182.4
2174.58
2169.81
2162.79
2155.3
2146.89
2143.41
2135.68
2128.62
2119.36
2111.79
2101.22
2087.82
2077.1
2070.78
2062.13
2053.97
2047.49
2039.93
2031.83
2021.01
2015.67
2011.34
2003.75
1992.58
1982.57
1972.5
1964.05
1954.04
1946.16
1939.44
1930.95
1922.4
1913.38
1904.03
1895.45
1884.77
1870.97
1862.8
1852.85
1842.64
1829.1
1820.48
1810.06
1799.05
1789.16
1780.81
1769.83
1771.28
1761.72
1750.38
1741.14
1729
1719.15
1706.3
1696.41
1685.85
1672.8
1660.26
1648.23
1635.34
1623.16
1609.44
1597.36
1582.17
1569.07
1553.73
1541.03
1528.88
1516.07
1502.87
1489.79
1477.83
1464.74
1449.16
1436.5
1417.25
1405.05
1390.76
1377.26
1365.56
1351.65
1335.12
1320.49
1308.91
1296.16
1281.87
1268.88
1253.3
1240.04
1226.14
1199.57
1186.04
1170.89
1156.77
1142.59
1128.65
1114.28
1099.37
1084.74
1070.42
1055.99
1041.19
1027.2
1012.49
998.767
984.268
966.494
953.786
936.833
922.126
907.621
894.168
880.128
866.704
853.058
839.604
826.161
812.599
799.25
785.28
771.561
758.371
745.162
731.884
719.222
706.492
694.122
681.454
668.773
656.434
644.229
631.833
620.334
608.818
596.869
585.278
574.071
563.101
551.967
541.254
530.534
519.955
509.582
499.145
488.851
478.817
469.138
459.212
449.544
440.148
431.141
422.049
413.061
404.292
395.847
387.219
378.77
370.583
362.571
354.434
346.543
339.03
331.568
324.26
317.166
310.198
303.374
296.672
290.126
283.643
277.206
271.012
265.025
259.153
253.349
247.549
241.757
236.194
230.817
225.675
220.66
215.607
210.717
206.017
201.43
196.895
192.489
188.161
183.989
179.862
175.874
171.856
168.088
164.299
160.685
157.075
153.624
150.251
146.923
143.675
140.554
137.498
134.487
131.562
128.736
125.93
123.236
120.582
118.001
115.524
