-19.4907
-19.3786
-19.2121
-19.0616
-18.9051
-18.7772
-18.6268
-18.4824
-18.3651
-18.2413
-18.1318
-18.064
-17.9774
-17.902
-17.8469
-17.7579
-17.709
-17.6479
-17.6125
-17.5724
-17.5188
-17.4889
-17.4789
-17.4707
-17.471
-17.4762
-17.4678
-17.4907
-17.5074
-17.5231
-17.5668
-17.5915
-17.6274
-17.6767
-17.722
-17.78
-18.101
-18.1312
-18.1747
-18.2346
-18.297
-18.3621
-18.424
-18.4918
-18.5604
-18.6404
-18.7228
-18.7969
-18.8745
-18.9613
-19.0317
-19.1006
-19.1729
-19.2586
-19.3409
-19.4226
-19.507
-19.5906
-19.6671
-19.756
-19.8352
-19.9297
-20.0198
-20.1213
-20.2089
-20.3201
-20.4323
-20.5414
-20.6388
-20.7369
-20.8428
-20.9542
-21.0941
-21.2041
-21.3157
-21.4391
-21.5487
-21.6622
-21.781
-21.9195
-22.0371
-22.1815
-22.3095
-22.4372
-23.3368
-23.4217
-23.5146
-23.627
-23.7772
-23.8935
-24.0194
-24.1373
-24.2653
-24.3969
-24.5228
-24.6623
-24.8021
-24.9278
-25.0702
-25.2188
-25.3787
-25.5507
-25.6904
-25.8433
-26.0447
-26.1859
-26.3394
-26.4759
-26.6337
-26.7936
-26.9511
-27.098
-27.3225
-27.4784
-27.6352
-27.7997
-27.9663
-28.1379
-28.3136
-28.5104
-28.6744
-28.8679
-29.004
-29.1993
-29.3852
-29.531
-29.6875
-29.8502
-30.0506
-30.2488
-30.3931
-30.5744
-30.752
-30.9424
-31.8314
-31.9739
-32.1158
-32.7144
-32.8487
-32.9672
-33.1176
-33.2718
-33.4087
-33.5184
-33.6497
-33.7846
-33.9165
-34.0867
-34.2495
-34.3976
-34.5083
-34.66
-34.8052
-34.9219
-35.0824
-35.1966
-35.354
-35.4643
-35.6012
-35.7601
-35.8895
-36.6428
-36.751
-36.8336
-36.9411
-37.0279
-37.1374
-37.2434
-37.3374
-37.4388
-37.5505
-37.6515
-37.7577
-37.8482
-37.92
-38.0255
-38.7082
-38.7714
-38.8309
-38.897
-38.9464
-39.0248
-39.0979
-39.1542
-39.2159
-39.2728
-39.3398
-39.3915
-39.455
-39.5202
-39.5766
-39.6199
-39.6637
-39.7244
-39.7621
-39.7998
-39.8362
-39.8687
-39.9032
-39.9474
-39.9737
-40.0195
-40.0517
-40.0805
-40.1078
-40.1385
-40.1574
-40.1797
-40.2046
-40.2062
-40.1966
-40.1823
-40.1864
-40.1602
-40.1328
-40.1006
-40.0661
-40.0284
-39.9821
-39.9455
-39.8918
-39.8568
-39.7968
-39.7314
-39.6565
-39.5533
-39.4607
-39.3705
-39.272
-39.1688
-39.066
-38.9424
-38.811
-38.6611
-38.4963
-38.3381
-38.1808
-38.0151
-37.8202
-37.6335
-37.4347
-37.2382
-37.0355
-36.8075
-36.5839
-36.3586
-36.1182
-35.8643
-35.6124
-35.3599
-35.0932
-34.8228
-34.5454
-34.2667
-33.976
-33.6865
-33.385
-33.0804
-32.7658
-32.4535
-32.1355
-31.816
-31.4893
-31.1638
-30.8334
-30.5013
-30.1601
-29.8175
-29.4742
-29.1323
-28.7881
-28.4388
-28.0909
-27.7433
-27.3928
-27.0398
-26.6906
-26.3344
-25.9836
-25.6304
-25.2838
-24.926
-24.5805
-24.2286
-23.8826
-23.5312
-23.1875
-22.8453
-22.4989
-22.1557
-21.8195
-21.4818
-21.1436
-20.8087
-20.4803
-20.1468
-19.8228
-19.4955
-19.1705
-18.8524
