-84.2362527422846
-83.8434421327542
-83.2626023601415
-82.7454121508805
-82.2640137726689
-81.8679517477154
-81.3310788598334
-80.7442480566211
-80.2885975018913
-79.804972319118
-79.2869817647836
-78.9945218221711
-78.5511979468453
-78.112367799947
-77.7596490861707
-77.2361741569877
-76.9004286118898
-76.5389719547123
-76.2178443763895
-76.0211125923775
-75.6438968854188
-75.3207875327995
-75.157420957042
-74.9485347867884
-74.7876611940166
-74.6470589906105
-74.4009789369496
-74.3475995372997
-74.1985638768607
-74.1016314086998
-74.127588792682
-74.0181722715985
-73.9700202876427
-74.0373054145025
-74.0179249358123
-74.0611983463109
-77.4060588066075
-77.2868920897794
-77.2427322639902
-77.2496073322072
-77.2788900268947
-77.3484412576091
-77.3438411338415
-77.3571853265191
-77.3813383275648
-77.4543765355628
-77.5453804221615
-77.5747461946215
-77.602885779857
-77.6942025829175
-77.6586266794382
-77.6010897687813
-77.5593233922198
-77.6006459451691
-77.5920566549462
-77.5932863736737
-77.5954638135606
-77.5672750880182
-77.5001100425246
-77.4778334437597
-77.3952404225467
-77.3876974090754
-77.369595417272
-77.3847759465766
-77.3234884742826
-77.3754262022824
-77.4262743070771
-77.4559101128685
-77.4096021616209
-77.3810981465282
-77.3691245429005
-77.3721413795585
-77.4956259483991
-77.4616140195299
-77.4279783809153
-77.4428706609661
-77.3898780248304
-77.3545499493203
-77.3244341039919
-77.3873170603485
-77.3488987843034
-77.4258981982856
-77.4198513019367
-77.4058447662356
-81.1839728389821
-80.9555131800322
-80.7377481735433
-80.6094458708308
-80.6430880542596
-80.496820322154
-80.3956437379696
-80.2453259437779
-80.122034016073
-80.0174579708065
-79.8707545472097
-79.7797837156536
-79.6791455554194
-79.5105785910303
-79.3965273771695
-79.2995910059247
-79.2424358655064
-79.2186359887343
-79.0502023262222
-78.9387542151951
-78.9908483841798
-78.8002681347032
-78.6542691548017
-78.4386986360245
-78.2920665213361
-78.1486486014891
-77.986814064517
-77.7835420662204
-77.8351259531194
-77.6292453505415
-77.4307320062326
-77.2487176254286
-77.0675968342984
-76.8912536049388
-76.7242106433856
-76.6129235982659
-76.3839025202751
-76.24683057719
-75.9084442863038
-75.7575824831932
-75.5596122596447
-75.2358934623471
-74.9431373371412
-74.6591146519776
-74.4832293570699
-74.2853540412244
-73.9376059695746
-73.688090654676
-73.4152571793668
-73.1703435509496
-74.6111530827423
-74.220389926587
-73.7990503895184
-74.6742249490591
-74.2381096738837
-73.7264479067419
-73.3257840978691
-72.928556772636
-72.4737121981544
-71.9163858018348
-71.4380186839815
-70.9664957006004
-70.4795311996077
-70.0950766254403
-69.6867385821962
-69.2296459401784
-68.6810334570358
-68.2389633373815
-67.7713823460244
-67.2399263295045
-66.8070951767492
-66.2656955696641
-65.8291863849799
-65.2691019805117
-64.7863605523825
-64.3404696209525
-63.8368514822957
-64.6599570076095
-64.0904391933369
-63.4563413417486
-62.8885826881671
-62.2738995950353
-61.7197667104743
-61.1611383442561
-60.5728763285346
-60.0129941656782
-59.4715161110989
-58.9142926567149
-58.3713943004245
-57.7953111317618
-57.1843726445388
-56.6505695100815
-57.267887043343
-56.6314773312863
-55.9974462644869
-55.3799219216161
-54.7363783912626
-54.1588517721426
-53.5733673931651
-52.9599887296892
-52.361147790096
-51.7575840151953
-51.1800881073003
-50.5778059031244
-50.0009062643818
-49.4300943702139
-48.8486955327199
-48.2507410609795
-47.6580871732679
-47.0924487577758
-46.5180147021335
-45.9315191596157
-45.3503450936097
-44.7715533136979
-44.1894017364746
-43.6470135128111
-43.0719229249135
-42.5350077142143
-41.9756519129025
-41.4360132383181
-40.8923568685067
-40.3525009243289
-39.8102614825347
-39.2734379532886
-38.7534108328875
-38.1973316943649
-37.6538735300653
-37.1008285964991
-36.5834921755494
-36.0309733247545
-35.4935479124768
-34.9594073879276
-34.4313745810675
-33.9022455830122
-33.375048715531
-32.8674319457297
-32.354311775435
-31.861159127503
-31.3586642016758
-30.8571868279317
-30.355389219241
-29.8380203790691
-29.3435424207243
-28.8590237103225
-28.3731400656734
-27.8955012557026
-27.4255151912374
-26.9480354009689
-26.4783264670224
-26.0021648397139
-25.528124055813
-25.0677178810644
-24.6196033847244
-24.1730481137772
-23.7165469699393
-23.2775485399927
-22.8400387454856
-22.4123222992991
-21.9917137622309
-21.5646684719865
-21.1514773848081
-20.7450315635852
-20.3406667894202
-19.9380676851145
-19.5450382235232
-19.1605851827719
-18.7782823299432
-18.4034863551419
-18.0332159120345
-17.6706866297575
-17.3111362405184
-16.9605930406418
-16.6123595408104
-16.2714108138487
-15.9331698717229
-15.6043872156949
-15.2806151917084
-14.9624258060185
-14.6493720031943
-14.3441042145387
-14.0428718276042
-13.747307573692
-13.4553055084367
-13.1696230502788
-12.8903420907741
-12.6181406250024
-12.3516870336399
-12.0859819794948
-11.8278751158213
-11.5759558675483
-11.3295802762121
-11.0855573429045
-10.8488615861268
-10.6134869094918
-10.3857958121251
-10.1610191561334
-9.94396479653378
-9.72515101240932
-9.51775656638239
-9.31008789681692
-9.10980259543749
-8.90978672984761
-8.71711907138758
-8.52871831356825
-8.34115548852498
-8.15834098309839
-7.98194707754468
-7.80761455782954
-7.63543831339356
-7.46761619592753
-7.30515031113683
-7.14254755638766
-6.9869003321735
-6.83167775966394
-6.67968362225924
-6.53258434718185
