237.998602684843
238.370492736269
238.935141361033
239.473436363996
240.203751090632
240.799583414577
241.296993011715
241.565694200917
241.848177665616
242.139812292702
242.123677379208
242.199267253405
242.080592648637
241.811685453135
241.513555940439
241.171208005001
240.830272555814
240.583378472237
240.087340823327
240.050058196654
239.637586185866
239.048490732401
238.675332860533
238.130934030658
237.615452321874
237.093589270255
236.432994952531
235.933986708234
235.221843644699
234.690375907427
234.150433259866
233.45500345371
232.796724321125
232.315670997373
231.621714675452
230.950568573685
236.810138423227
236.024234025031
235.285209718744
234.478693153599
233.710824508004
233.032538052132
232.179406855266
231.30626467815
230.460776497075
229.615318488308
228.798113408267
227.914740150434
226.989084897575
226.136421670647
225.132317098776
224.090987046997
223.059688504985
222.107010870644
221.062130180761
220.060985887397
219.037780694469
217.947357764254
216.841667048555
215.722606884075
214.559868623972
213.435407825697
212.342868271971
211.220498417408
210.058392772504
208.947653770065
207.834282520775
206.709789351127
205.522213354614
204.384951742141
203.218235578073
202.043905234337
200.896201018998
199.665584361676
198.431817440764
197.214648058375
195.976994556254
194.757310135302
193.510956884868
192.317839979033
191.088906943484
189.901623292664
188.679987122074
187.455114787582
188.174297272713
186.882930685918
185.554792179737
184.270986314714
183.039593088689
181.707050053163
180.407152208435
179.077812386618
177.737562459732
176.422879074371
175.07571768826
173.754752842285
172.424872882535
171.073480692127
169.723177016123
168.376780828869
167.044422615965
165.707804922051
164.324642133136
162.978216347931
161.635067629359
160.24282399502
158.869685653758
157.489548606525
156.116226651231
154.750978083374
153.381216558829
152.015453765834
150.657601679643
149.261752737617
147.88996618087
146.517089724123
145.148961822626
143.775544318431
142.411330999852
141.042394288832
139.666163249275
138.303976327267
136.919914556039
135.556122020742
134.177736958007
132.811276689603
131.455936686277
130.097719439592
128.746023882457
127.385330960711
126.058377696557
124.726912571699
123.390150556223
122.05367041034
120.188348568668
118.897939272072
117.573730133926
116.25278073344
114.980248599698
113.67118389484
112.40603475985
111.142287613943
109.875846596143
108.578030366192
107.320778116389
106.070147209178
104.819389441475
103.581779927136
102.350604051841
101.11643361985
99.9005178528796
98.6967273147367
97.4913587140367
96.3077051497065
95.118976708356
93.9494471227405
92.7883400212094
91.6246110586974
90.4886268344078
89.3413318288646
88.2211846317387
86.928968472967
85.8243823164792
84.7202174425885
83.6347119829653
82.5565838030345
81.4975322215626
80.4502121652564
79.40568707497
78.3836714847568
77.3635073391021
76.3596884019896
75.3667746073451
74.3799784699677
73.403686187347
72.4429424702187
71.4610460074641
70.5073943103559
69.5699121513453
68.6404433858473
67.7232404892776
66.8214527798752
65.9269506817732
65.0414438599821
64.1647470384925
63.2966941265498
62.441303834393
61.5930562069774
60.7531036108486
59.9204453988933
59.0970546348262
58.2838984039015
57.4785004670894
56.6740028867404
55.9078131414751
55.1291128505607
54.3612986848228
53.6056585771382
52.843933712986
52.1135715128265
51.3789962303694
50.6562257334845
49.9330617551822
49.2408513838249
48.5478194643044
47.8548337892008
47.1801924360447
46.5072511474199
45.8510015056099
45.1905181054684
44.5627058516631
43.9304224685262
43.311566038779
42.6970245586367
42.1010028268296
41.5147485452449
40.9377076214365
40.3624755731004
39.8000794236133
39.2456326714557
38.7065784271608
38.1639559822083
37.642112471626
37.1262430272188
36.6197775722135
36.127885796269
35.6463512068648
35.1704545676772
34.6997869795144
34.241316161957
33.7880353051965
33.3465416323511
32.9194522698325
32.5012038916768
32.0975047651842
31.6978773591445
31.3075173787202
30.9232888771394
30.5529399826378
30.1899816756865
29.8360639192692
29.4863017856146
29.1463990415644
28.8182219655084
28.4972143068397
28.1804846882706
27.8754127117748
27.5795225098948
27.2877416605152
27.0015643669722
26.7255348748522
26.4566754142713
26.1940032366178
25.936625972607
25.6880187951934
25.4443220524685
25.2083234765195
24.9789678643248
24.7558798237676
24.5379051288544
24.3258930724636
24.116882130354
23.9156264480366
23.7187383248447
23.525944686526
23.3370862258833
23.1556056039274
22.9791805546579
22.8075593613788
22.6402798564343
22.4786930027751
22.3164217694353
22.16011180149
22.0085183870376
21.8637001855785
21.7193206486109
21.5793793072244
21.4423383918836
21.3095156641076
21.1788381586122
21.0520239854817
20.9261738773679
20.8072900345789
20.6882595428795
20.5743043012919
20.4606307182509
20.3508233675016
20.2441998282917
20.1384242523155
20.0356722224012
19.9366105660234
19.8392627636807
19.7429558517047
19.6496498948536
19.5590105225622
19.4686394145749
19.3826581251972
19.2968792616348
19.2132847893462
19.1319683774816
