252.466
252.686
253.027
253.366
253.9
254.336
254.635
254.703
254.827
254.952
254.775
254.756
254.506
254.115
253.723
253.237
252.81
252.465
251.895
251.8
251.293
250.634
250.229
249.647
249.107
248.567
247.863
247.371
246.647
246.111
245.604
244.908
244.266
243.828
243.161
242.535
249.14
248.356
247.64
246.876
246.156
245.534
244.723
243.899
243.105
242.327
241.582
240.755
239.888
239.111
238.15
237.147
236.159
235.273
234.284
233.34
232.376
231.339
230.275
229.214
228.092
227.032
225.999
224.95
223.838
222.814
221.788
220.745
219.617
218.543
217.448
216.352
215.325
214.165
213.003
211.875
210.704
209.557
208.388
207.304
206.15
205.079
203.946
202.808
204.94
203.664
202.359
201.131
200.017
198.739
197.51
196.235
194.962
193.721
192.434
191.195
189.945
188.648
187.376
186.116
184.887
183.67
182.35
181.089
179.904
178.57
177.274
175.942
174.648
173.364
172.069
170.76
169.576
168.242
166.934
165.634
164.34
163.045
161.764
160.507
159.189
157.929
156.554
155.289
153.99
152.641
151.318
149.998
148.739
147.463
146.142
144.868
143.579
142.306
141.464
140.162
138.816
138.17
136.864
135.487
134.208
132.933
131.625
130.235
128.923
127.621
126.311
125.07
123.822
122.545
121.232
119.99
118.733
117.458
116.236
114.968
113.768
112.495
111.29
110.098
108.895
108.34
107.114
105.85
104.641
103.41
102.231
101.059
99.8716
98.7196
97.5806
96.4453
95.3277
94.1949
93.0492
91.9634
91.5767
90.4346
89.3067
88.1955
87.0776
86.0133
84.9498
83.8758
82.8179
81.7638
80.7361
79.6983
78.6831
77.6775
76.6724
75.6647
74.6664
73.6861
72.7297
71.756
70.7941
69.8431
68.8853
67.9771
67.0447
66.1459
65.2324
64.3553
63.475
62.5972
61.7319
60.8714
60.0345
59.1711
58.3408
57.5009
56.6943
55.8683
55.0662
54.2737
53.4922
52.7114
51.9417
51.1907
50.448
49.7154
48.9928
48.2755
47.5653
46.8565
46.1704
45.4951
44.8231
44.1659
43.5177
42.8741
42.2468
41.6226
41.0114
40.4122
39.8282
39.2503
38.6776
38.1219
37.5747
37.0372
36.5123
35.9934
35.4891
34.9928
34.5077
34.0317
33.5653
33.1091
32.6631
32.228
31.8013
31.3841
30.9766
30.579
30.1899
29.8112
29.4401
29.0793
28.7271
28.3813
28.0457
27.7188
27.3984
27.0852
26.7811
26.4855
26.1982
25.9191
25.6487
25.379
25.1191
24.8672
24.6248
24.3848
24.153
23.9253
23.7057
23.4902
23.2824
23.0756
22.8808
22.6866
22.5009
22.3164
22.1392
21.9674
21.7975
21.633
21.4751
21.3203
21.168
21.0208
20.8787
20.7375
20.6035
20.4705
20.3413
20.2165
