1229.34
1221.98
1216.67
1212.21
1208.29
1204.62
1201.05
1197.53
1194.2
1191.05
1187.97
1185.01
1182.01
1179.13
1176.26
1173.48
1170.81
1168.15
1165.58
1163.06
1160.61
1158.11
1155.58
1153.18
1150.89
1148.63
1146.37
1144.21
1142.09
1140.02
1137.98
1135.94
1133.98
1133.87
1131.9
1129.99
1128.14
1126.33
1124.58
1122.84
1122.85
1121.16
1119.53
1117.9
1116.31
1114.74
1113.21
1111.71
1110.26
1108.86
1107.43
1106.02
1104.65
1103.32
1102.04
1100.79
1099.52
1098.25
1097.04
1095.83
1094.68
1093.55
1093.97
1092.86
1091.73
1090.68
1089.63
1088.61
1087.62
1086.65
1085.7
1084.78
1083.87
1082.96
1082.09
1082.66
1083.16
1082.32
1082.8
1081.97
1081.15
1080.37
1079.6
1078.87
1078.12
1077.39
1076.69
1075.98
1075.3
1074.63
1073.97
1073.33
1072.74
1072.12
1071.53
1070.96
1070.4
1069.84
1069.35
1068.83
1068.28
1067.75
1067.24
1066.75
1066.24
1065.77
1065.31
1064.84
1064.41
1063.98
1063.58
1063.15
1062.74
1062.35
1061.94
1061.54
1061.14
1060.79
1060.41
1060.06
1059.7
1059.31
1058.93
1058.55
1058.18
1057.84
1057.51
1057.2
1056.89
1056.59
1056.33
1056.07
1055.76
1055.45
1055.17
1054.9
1054.64
1054.38
1054.14
1053.88
1053.64
1053.42
1053.23
1052.99
1052.76
1052.54
1052.32
1052.09
1051.9
1051.7
1052.68
1052.5
1052.31
1052.16
1052
1053.1
1052.94
1052.77
1052.61
1052.43
1052.28
1052.14
1052
1051.85
1051.72
1051.6
1051.48
1051.35
1051.24
1052.3
1052.19
1052.09
1051.96
1051.87
1051.76
1051.66
1051.55
1052.56
1052.46
1052.37
1052.29
1052.2
1052.12
1052.04
1051.98
1051.9
1051.82
1051.76
1051.69
1051.62
1051.56
1051.49
1051.41
1051.35
1051.29
1051.21
1051.15
1051.1
1051.04
1051
1050.94
1050.89
1050.86
1050.82
1050.77
1050.74
1050.7
1050.66
1050.64
1050.61
1050.57
1050.52
1050.48
1050.47
1050.44
1050.42
1050.39
1050.37
1050.37
1050.35
1050.33
1050.3
1050.27
1050.24
1050.22
1050.19
1050.19
1050.17
1050.15
1050.14
1050.14
1050.11
1050.1
1050.1
1050.09
1050.07
1050.06
1050.06
1050.04
1050.03
1050.04
1050.03
1050.03
1050.01
1050
1050.01
1050
1049.99
1049.98
1049.99
1049.99
1049.99
1050.01
1050.01
1050.02
1050.01
1050.01
1050.03
1050.04
1050.05
1050.05
1050.07
1050.07
1050.08
1050.08
1050.08
1050.09
1050.09
1050.1
1050.1
1050.12
1050.14
1050.14
1050.16
1050.17
1050.18
1050.19
1050.2
1050.2
1050.21
1050.24
1050.24
1050.27
1050.28
1050.3
1050.3
1050.32
1050.33
1050.35
1050.36
1050.38
1050.4
1050.41
1050.41
1050.42
1050.43
1050.45
1050.46
1050.47
1050.48
