0.0468651
0.0468207
0.0468959
0.0469229
0.0469131
0.0468615
0.0469234
0.0468892
0.0469271
0.0468858
0.0468449
0.0468142
0.0468722
0.0468499
0.0468111
0.0467923
0.0468504
0.0468837
0.0468192
0.0468247
0.046759
0.0467971
0.0467828
0.046772
0.0467818
0.0467325
0.0466704
0.0467681
0.0467058
0.0467204
0.0466399
0.0466688
0.0466775
0.0467215
0.0467125
0.0467043
0.0467032
0.0467017
0.0467114
0.0467594
0.0467022
0.0466769
0.046719
0.0467291
0.0466881
0.0466854
0.0466752
0.0466907
0.046687
0.0466757
0.0466579
0.0466714
0.0466866
0.0466445
0.0466944
0.0466632
0.0467048
0.0466815
0.046665
0.0466727
0.046689
0.0466758
0.0466602
0.0466537
0.046646
0.0466705
0.0466385
0.046681
0.0466684
0.0466855
0.0466544
0.0466538
0.0466498
0.0466611
0.046621
0.0466357
0.0466613
0.0466329
0.0466444
0.0466623
0.0466447
0.0466452
0.0466707
0.0466678
0.0466402
0.0466459
0.0466253
0.0466597
0.0466167
0.0466494
0.0466506
0.0466557
0.0466413
0.0466179
0.0466267
0.0466223
0.0466415
0.0466242
0.0466385
0.0466266
0.0466314
0.046644
0.0466304
0.0466289
0.0466312
0.0466368
0.0466357
0.0466404
0.0466408
0.0466288
0.0466274
0.0466204
0.046639
0.0466283
0.046628
0.0466212
0.046648
0.0466318
0.0466256
0.0466328
0.0466233
0.0466302
0.0466196
0.0466121
0.0466268
0.0466268
0.0466209
0.0466146
0.0466127
0.0466134
0.046636
0.0466158
0.0466272
0.046617
0.046628
0.0466193
0.046616
0.0466235
0.0466188
0.0466248
0.0466138
0.0466198
0.0466091
0.0466242
0.0466213
0.0466219
0.0466144
0.0466311
0.0466321
0.0466385
0.0466368
0.0466462
0.0466438
0.0466443
0.0466437
0.0466498
0.0466501
0.0466607
0.0466598
0.0466681
0.0466703
0.0466804
0.0466927
0.046685
0.0466936
0.0467216
0.0467323
0.0467321
0.0467431
0.0467497
0.0467714
0.0467933
0.0467932
0.0468087
0.0468388
0.0468424
0.0468681
0.0468827
0.0469057
0.0469351
0.0469609
0.0469862
0.047014
0.0470486
0.0470835
0.0471211
0.0471684
0.0472084
0.0472548
0.0473125
0.0473575
0.0474047
0.0474705
0.0475328
0.0475934
0.0476606
0.0477379
0.0478173
0.047906
0.0479963
0.048096
0.0481932
0.0483061
0.0484101
0.0485354
0.0486529
0.0487991
0.048936
0.0491208
0.0492837
0.0494585
0.0496491
0.0498412
0.0500555
0.0502772
0.0505145
0.0507676
0.0510381
0.0513155
0.0516117
0.0519275
0.0522731
0.0526261
0.052997
0.0533921
0.0538142
0.0542656
0.0547211
0.0552538
0.0557786
0.056331
0.056918
0.0575349
0.0581806
0.0588622
0.0595919
0.0603328
0.0611324
0.0619729
0.062848
0.0637731
0.0647413
0.065754
0.0668228
0.0679455
0.0691217
0.0703496
0.0716307
0.0729828
0.0743965
0.0758735
0.0774047
0.0790066
0.0806891
0.0824395
0.084266
0.0861696
0.0881341
0.0902125
0.0923511
0.094589
0.0969163
0.0993278
0.101837
0.104455
0.107193
0.110026
0.112951
0.115985
0.119135
0.122364
0.12579
0.129337
0.132959
0.136691
0.140607
0.14462
0.148828
0.153128
0.157614
0.162203
0.167064
0.171917
0.177066
0.182305
0.187823
0.193449
0.199273
0.205373
0.211673
0.218061
0.224721
0.231675
0.238794
0.246102
0.253765
0.261522
0.269638
0.278024
0.28658
