1568.55
1562.5
1557.85
1553.78
1550.05
1546.53
1543.03
1539.56
1536.21
1533
1529.86
1526.85
1523.79
1520.8
1517.84
1514.98
1512.17
1509.48
1506.84
1504.21
1501.68
1499.11
1496.6
1494.12
1491.71
1489.34
1487.04
1484.75
1482.54
1480.4
1478.3
1476.16
1474.04
1471.96
1469.93
1467.94
1466
1464.09
1462.22
1460.39
1458.59
1456.84
1455.09
1453.36
1451.65
1449.98
1448.32
1446.9
1445.28
1443.7
1442.13
1440.68
1439.15
1437.68
1436.2
1434.79
1433.36
1431.99
1430.6
1429.22
1427.9
1426.59
1425.32
1424.04
1422.77
1421.54
1420.37
1419.18
1418.03
1416.93
1415.84
1414.76
1413.66
1412.58
1411.54
1410.52
1409.51
1408.58
1407.59
1406.61
1405.64
1404.69
1403.75
1402.86
1401.94
1401.06
1400.18
1399.33
1398.48
1397.67
1396.85
1396.06
1395.28
1394.52
1393.76
1393.03
1392.31
1391.6
1390.91
1390.23
1389.52
1388.84
1388.18
1387.53
1386.89
1386.26
1385.65
1385.02
1384.44
1383.85
1383.28
1382.7
1382.15
1381.59
1381.04
1380.56
1380.01
1379.49
1379.02
1378.52
1378.04
1377.52
1377
1376.5
1376.02
1375.56
1375.14
1374.71
1374.29
1373.89
1373.54
1373.19
1372.78
1372.37
1371.95
1371.57
1371.11
1370.67
1370.32
1369.98
1369.65
1369.35
1369.04
1368.69
1368.3
1367.96
1367.63
1367.32
1367.02
1366.72
1366.43
1366.17
1365.89
1365.66
1365.35
1365.17
1364.88
1364.62
1364.38
1364.12
1363.87
1363.62
1363.41
1363.2
1362.99
1362.73
1362.55
1362.35
1362.11
1361.89
1361.68
1361.51
1361.3
1361.1
1360.92
1360.68
1360.5
1360.33
1360.15
1359.99
1359.81
1359.65
1359.5
1359.35
1359.19
1359.04
1358.89
1358.75
1358.6
1358.47
1358.31
1358.18
1358.05
1357.94
1357.81
1357.67
1357.55
1357.44
1357.32
1357.22
1357.11
1356.98
1356.89
1356.78
1356.68
1356.56
1356.48
1356.38
1356.27
1356.18
1356.08
1355.99
1355.91
1355.82
1355.74
1355.66
1355.57
1355.49
1355.41
1355.33
1355.27
1355.19
1355.12
1355.05
1354.97
1354.92
1354.85
1354.8
1354.71
1354.63
1354.59
1354.52
1354.45
1354.39
1354.36
1354.3
1354.22
1354.19
1354.11
1354.06
1354.04
1353.96
1353.94
1353.87
1353.83
1353.79
1353.72
1353.7
1353.65
1353.59
1353.56
1353.5
1353.47
1353.43
1353.39
1353.35
1353.31
1353.26
1353.23
1353.19
1353.15
1353.12
1353.1
1353.06
1353.02
1352.98
1352.96
1352.92
1352.89
1352.86
1352.84
1352.83
1352.73
1352.74
1352.69
1352.67
1352.63
1352.6
1352.57
1352.54
1352.51
1352.47
1352.45
1352.42
1352.39
1352.34
1352.32
1352.28
1352.25
1352.22
1352.18
1352.16
1352.11
1352.08
1352.05
1352.01
1351.96
1351.93
1351.9
1351.86
