19152
19167.1
19177.3
19189.9
19179.4
19162.5
19140
19130.2
19114.6
19097.2
19074
19060.8
19032.4
19014.4
18990.6
18961.6
18944.6
18913.4
18886
18863.6
18830.5
18810.8
18782.3
18755.6
18740.4
18720.2
18665.7
18644.7
18618.1
18589.5
18665.5
18645.8
18620.4
18587.9
18558.8
18533.5
18508.2
18480
18450.7
18422.7
18391.4
18352.7
18329.7
18360.6
18322.7
18286.5
18255.2
18228.1
18200
18161.1
18121.1
18116.6
18078.4
18039.2
17997.5
17951.4
17913.2
17868.2
17827.8
17783
17752.8
17717.5
17718.5
17669.3
17628.1
17584.9
17543.8
17493.9
17449.4
17404.8
17368.4
17320.9
17282
17235.3
17186.1
17143.7
17098.3
17056
17004.8
16959.6
16914.5
16864.7
16818.9
16774.3
16730.5
16683.4
16629.9
16578.4
16532
16479.6
16428.4
16380.4
16334.8
16282.8
16239.3
16186.6
16132.9
16083.9
16035.6
15988.7
15936
15887.8
15841.3
15788.7
15742
15695.4
15647.1
15597
15550.5
15499.9
15448.7
15403.5
15355.9
15306.8
15252.2
15198.6
15155.1
15109.6
15062.5
15018
14973.6
14930.8
14888.4
14845.4
14801.3
14755.8
14711.8
14668.2
14628.7
14611
14569.1
14528.1
14491.2
14454.3
14409.9
14368.9
14333.5
14293.8
14254.8
14214.7
14177.5
14140
14104.6
14067.6
14030.6
13994.3
13957.3
13920.7
13884.6
13850.2
13816.9
13786.1
13753.4
13721.9
13687.5
13654.2
13621.5
13589.4
13557.8
13528.1
13497.5
13468.2
13438.1
13407.5
13378.3
13349.1
13321.2
13293.2
13265.1
13237.4
13210.2
13183.8
13157.8
13131.1
13105.1
13108
13082.4
13059.3
13037.3
13012.9
12990.1
12968.6
12946.5
12924.6
12902
12879.9
12858
12836
12814.1
12792.9
12771.6
12753.4
12735.2
12718.2
12699.5
12679.7
12660.6
12642.2
12622.7
12603.7
12585.4
12568
12550.5
12533.5
12515.6
12498.6
12481.3
12463.1
12445.5
12429.6
12413.2
12396.7
12380.2
12365
12352.4
12341.1
12327.2
12311.9
12297.9
12285
12270.6
12255.4
12240.2
12225.9
12212.1
12198
12185.7
12174.2
12160.4
12146.8
12133.6
12119.7
12106.3
12093.7
12084.1
12071.3
12057.6
12044
12030.6
12017
12003.9
11991.3
11980
11970.2
11961.6
11952.6
11942.7
11931.3
11919
11906.2
11894.2
11883.1
11871.6
11859.5
11848.8
11836
11823.3
11814.9
11805.3
11793
11780.2
11767.6
11754.5
11741.4
11729.2
11716.8
11703.7
11692.6
11681.8
11669.7
11656.2
11642.6
11628.4
11614
11600.8
11586.3
11571.7
11556.5
11541.3
11528
11513.5
11498.4
11483.3
11467.7
11451
11432.6
11414.6
11397.4
11379.3
11360
11341.5
11324.1
11306.1
11286.3
11265.6
11245.9
11225.6
11204.4
11182.6
11159.9
