-10.1295
-10.1263
-10.1518
-10.1086
-10.0801
-10.0561
-10.0067
-9.96818
-9.93694
-9.92637
-9.84946
-9.79475
-9.74841
-9.71424
-9.71028
-9.65638
-9.66606
-9.70817
-9.60072
-9.62691
-9.63232
-9.61612
-9.58959
-9.45317
-9.4481
-9.46781
-9.47677
-9.46698
-9.45723
-9.42838
-9.4333
-9.41782
-9.42797
-9.40802
-9.40846
-9.40702
-9.41286
-9.41254
-9.41208
-9.40071
-9.38867
-9.40434
-9.44115
-9.43111
-9.45287
-9.43717
-9.43736
-9.44844
-9.45902
-9.47412
-9.48972
-9.51157
-9.51583
-9.53707
-9.56075
-9.58357
-9.61254
-9.65283
-9.67931
-9.71262
-9.74304
-9.78003
-9.82295
-9.85731
-9.89811
-9.96464
-10.0091
-10.0624
-10.1153
-10.1705
-10.2128
-10.2575
-10.3098
-10.4461
-10.5057
-10.5741
-10.6417
-10.708
-10.7862
-10.8496
-10.9335
-11.0053
-11.0841
-11.1684
-11.2482
-11.3302
-11.4269
-11.5109
-11.6219
-11.7317
-11.8433
-11.9421
-12.048
-12.1595
-12.2834
-12.4038
-12.5097
-12.6141
-12.7227
-12.8368
-12.9489
-13.0641
-13.1889
-13.3072
-13.4497
-13.5677
-13.7066
-13.8268
-13.9739
-14.1123
-14.259
-14.4064
-14.5608
-14.7076
-14.8555
-15.0141
-15.1803
-15.3338
-15.5002
-15.6625
-15.8213
-15.9924
-16.1589
-16.339
-16.8034
-16.9821
-17.1589
-17.3353
-17.5271
-17.708
-17.8965
-18.0899
-18.4854
-18.6921
-18.8774
-19.0945
-19.2957
-19.4968
-19.6923
-19.9388
-20.1633
-20.3555
-20.5636
-20.7845
-21.0082
-21.2436
-21.5189
-21.7508
-21.9933
-22.2151
-22.4589
-22.8341
-23.0544
-23.2845
-23.5178
-23.7433
-23.9822
-24.2407
-24.4813
-24.9663
-25.2118
-25.4605
-25.7031
-25.9616
-26.2192
-26.4648
-26.7291
-27.0066
-27.272
-27.5427
-27.7999
-28.0874
-28.3568
-28.6433
-28.9173
-29.1955
-29.4874
-29.7567
-30.0378
-30.3346
-30.6002
-30.8866
-31.166
-31.6257
-31.9107
-32.1942
-32.4816
-32.7715
-33.0537
-33.3342
-33.6176
-33.8851
-34.1916
-34.488
-34.7631
-35.0357
-35.3048
-35.592
-35.8841
-36.1705
-36.4481
-36.7417
-37.0409
-37.3333
-37.6189
-37.9324
-38.2142
-38.5028
-38.7923
-39.0822
-39.362
-39.6424
-39.9093
-40.2045
-40.3824
-40.6626
-40.9537
-41.2413
-41.5213
-41.7925
-42.0547
-42.3134
-42.5748
-42.8515
-43.1204
-43.3663
-43.6139
-43.8664
-44.1129
-44.3583
-44.6019
-44.8309
-45.0874
-45.3239
-45.5502
-45.7979
-46.036
-46.2452
-46.4423
-46.6293
-46.8731
-47.1013
-47.3109
-47.5096
-47.7036
-47.8892
-48.0819
-48.2613
-48.4451
-48.6115
-48.7827
-48.957
-49.1266
-49.2881
-49.4071
-49.5764
-49.725
-49.853
-50.0038
-50.148
-50.2805
-50.4007
-50.5206
-50.6265
-50.7323
-50.8264
-50.9176
-51.0115
-51.1044
-51.1786
-51.2522
-51.3223
-51.3834
-51.428
-51.4697
-51.5201
-51.5676
-51.6228
-51.6544
-51.6767
-51.7028
-51.7168
-51.7164
-51.7142
-51.7028
-51.684
-51.6655
-51.6365
-51.5956
-51.5558
-51.503
-51.4427
-51.3773
-51.2994
-51.2232
-51.1303
-51.0323
-50.9306
-50.816
-50.6982
