-464.352020770162
-466.061745000268
-469.346981350529
-468.318310124392
-467.639951399851
-467.315029106883
-466.955953160455
-467.207128627742
-468.052751698186
-465.708486475646
-463.299117980701
-461.528301588373
-460.871197756257
-459.072187838606
-458.927322933524
-457.081799263769
-457.74720694246
-458.604278564245
-444.19987710354
-444.796503415446
-445.457397989528
-445.091118327323
-442.683540578157
-444.20570868236
-443.427923997801
-443.023665234655
-442.108745151568
-441.105184490738
-440.809480253641
-438.077959184739
-438.412665657444
-436.249942359825
-436.540585248785
-434.444961469204
-433.840635269069
-432.759827233857
-431.635916658049
-430.975384549998
-430.185902537817
-429.313192329292
-427.61657702319
-427.299345451225
-427.518141925341
-426.659606659629
-426.781054120891
-424.92105312683
-424.353998635623
-423.153561695212
-423.052815413334
-423.030669771316
-423.198212534033
-423.317602161629
-421.22733882579
-421.481203682764
-421.870234652204
-422.4998414497
-423.531243205584
-424.251714772455
-424.575562665383
-424.985137438112
-425.086597762122
-425.657098996602
-426.247753675292
-426.710550619729
-427.551548900523
-429.256059818621
-430.296707577361
-431.357241335072
-432.675855584092
-433.292349525964
-433.949480293995
-434.145742624666
-435.050436101552
-444.370192892264
-445.334602370959
-446.920301393878
-448.405796481571
-450.046561767734
-452.36808845735
-453.380264122826
-455.504695091923
-457.012206168839
-459.232490173681
-461.425867147039
-462.960091968529
-464.80589089783
-467.468264135412
-469.094412094068
-471.676448598229
-474.348346698257
-476.175674035878
-478.143465781939
-480.693040224257
-483.531064075269
-486.340334989989
-489.007468331312
-491.346543272722
-494.066235439547
-496.629106771569
-499.41111761511
-501.851717117281
-504.170878551373
-507.056382687114
-509.373001090153
-513.211105361787
-514.572864873141
-518.451467915029
-519.451667120484
-522.337864121284
-525.19520280248
-528.574144227386
-531.858138018883
-535.660798874128
-538.53080986609
-541.079163430729
-544.682346246538
-548.732575654656
-551.390694007173
-554.668248168624
-557.953034511401
-560.715361798453
-564.266207059913
-566.859808653548
-570.542202927236
-586.161837104058
-589.125698467465
-590.231312090034
-592.922626288753
-596.320696360159
-599.021625651484
-601.791847284695
-604.806071021995
-614.204924158426
-617.569556334044
-619.270098254928
-620.998627753357
-623.765091065946
-626.493368287744
-628.756694213648
-630.747017553039
-634.442385470772
-635.448343266045
-637.358572979593
-639.84444317254
-641.513441327473
-643.367372333097
-644.775315170107
-646.708355616281
-649.065246065821
-650.094097554036
-652.36513023153
-655.731433537821
-656.294624877965
-657.371045695062
-657.987034249653
-658.82718545954
-659.758271494915
-661.16277470969
-661.430255445539
-664.864260516237
-665.630933042242
-666.035234577105
-665.997417282733
-666.454646784231
-666.363493016569
-665.552887225059
-665.820980568588
-666.399836858953
-666.258704591675
-665.509050570149
-664.668720211602
-664.366402291922
-663.601029195487
-662.435382830924
-661.636950563057
-660.571583492228
-659.861804639027
-657.859615643175
-656.554241402225
-655.533299421447
-653.271975908407
-651.485636630525
-649.14002725055
-643.430869282732
-641.246150378376
-639.268818172897
-637.104037899
-634.727514534871
-632.016479264761
-629.053879200575
-625.998017547717
-621.962896563887
-619.220435411521
-616.056516134689
-612.446690626511
-608.675449456601
-604.158055848731
-600.267070150667
-596.434431006381
-592.751533049912
-587.586084443504
-583.134266234507
-579.108209947071
-575.03344830119
-570.711747624507
-566.963621300131
-562.234785208283
-557.937495236166
-553.436122136462
-548.756826987664
-544.127227853071
-539.071762816086
-533.734514100662
-528.83648142737
-519.859145232248
-514.29622074575
-509.329055089407
-503.94369824324
-498.504260065253
-492.987206710688
-487.389489135853
-481.968487679443
-476.370518375956
-471.155290570122
-465.789940418526
-459.574696984732
-453.910079549686
-448.410180236477
-442.655329504398
-436.687614556374
-430.814172783267
-424.771202177563
-419.51722095155
-413.803401333546
-407.797825789193
-402.106562280377
-396.651347885095
-390.89757594222
-385.014208834946
-378.841815068803
-373.308769009302
-367.961125789758
-362.588920204492
-356.954529440971
-351.600042883586
-345.970395698034
-340.521984977368
-335.152887422865
-329.893334941734
-324.399412118692
-318.990729859264
-313.833465181311
-308.777612515329
-303.677850416227
-297.778346288573
-292.835940942527
-287.813910294635
-282.727481126671
-277.849822144629
-273.038683440996
-268.312258029977
-263.517421848899
-258.73600786696
-253.960261425253
-249.302320973125
-244.610871874456
-239.966088320547
-235.578007923033
-231.21869175511
-226.861024170741
-222.596029349593
-218.327890405159
-214.124578356445
-209.835646301669
-205.630598175088
-201.483100143829
-197.47035523534
-193.565902334207
-189.761943291561
-185.9353889601
-182.284687967081
-178.578744858962
-174.904962301533
-171.26543574927
-167.784600159171
-164.309261942371
-160.966562494187
-157.665399701248
-154.363324325763
-151.150912833156
-148.03415004802
-144.939393795349
-141.858125351723
-138.830380838301
-135.910105628221
-132.967396150357
-130.14116241789
-127.346241565752
-124.575114422328
-121.896818325972
