2599.10562855892
2609.5172170245
2621.1708816285
2626.84019080001
2630.60740103018
2635.18469059966
2646.4291363851
2658.29539753569
2671.6502198506
2661.15729817397
2668.47980829503
2673.42436731114
2682.55840545527
2681.66970165102
2681.93798561135
2686.35128573718
2687.51613631181
2680.6439308089
2626.06668347953
2622.3042020615
2624.69736912209
2627.04159974412
2620.1973230658
2667.86213220886
2664.64619421022
2656.57287866191
2648.53383777903
2645.30496637257
2646.30721478413
2638.10420464707
2638.71765194595
2630.09542577661
2628.96255565397
2621.99151086612
2618.21956099738
2612.10397496587
2603.67429982146
2599.77989174314
2595.1466245393
2593.07135262261
2586.19608288988
2579.89330612275
2570.96704592352
2568.58557740346
2563.29396446125
2556.4463634134
2552.98246056293
2542.72035413347
2539.21935322076
2534.96505948954
2531.72316721398
2526.51198307076
2512.89011529071
2508.70031979552
2504.68008071181
2502.33270099621
2500.7384126551
2494.33760908836
2489.28145144083
2482.97234768265
2475.66006481161
2469.42303781142
2461.83168069768
2455.74301538044
2450.23712742925
2443.24842863123
2438.06948341266
2430.86442977551
2425.2770458021
2415.27211898417
2408.70218145635
2399.06393309159
2391.60256743211
2410.25888776888
2401.47715965218
2394.0823373063
2386.42806675201
2379.98259612146
2374.50358952044
2365.57494343424
2357.97666181182
2349.96339620699
2344.17075591111
2337.13526173125
2327.83975353642
2319.76213019496
2312.77963163943
2303.42960314443
2293.37777791575
2284.17659432992
2270.75017275271
2260.71934548056
2252.2035400869
2244.0982754938
2233.66718169064
2223.43038137384
2214.54671082232
2207.77304526498
2199.65332057287
2191.64966281165
2182.63790449228
2172.71128289535
2163.73134822146
2153.59058454954
2145.97588090671
2132.24800113313
2125.70919831871
2110.56617238734
2099.05573546898
2088.99162251869
2079.89622196741
2070.49051316906
2062.21650925637
2051.64857841809
2039.89958882811
2030.78302516231
2022.41945501308
2010.88339161233
2000.04197840284
1989.97989177768
1978.71807995561
1968.81571864159
1956.3813227061
1946.18360972929
1941.04537945994
1929.09865323296
1911.58243220858
1899.53267032574
1888.17309510874
1876.07837365656
1863.57263379823
1851.51167983217
1837.22070531538
1825.35937368217
1811.07070701487
1793.89393775899
1781.62212232771
1769.47676209423
1756.79323367365
1738.7395871573
1727.77822532817
1712.73953520097
1698.94144779902
1685.77602988689
1670.48502821671
1654.96368800563
1635.27539972547
1620.92153779142
1607.03388014986
1591.80764476284
1578.14972856127
1557.32827289895
1542.0608591934
1527.5358551215
1511.98186670983
1497.77376549313
1483.08116004959
1468.36334326289
1452.6324359869
1427.99826722171
1413.78188932286
1398.8529331927
1383.64883126924
1368.76203771134
1353.08465665484
1336.94886095407
1322.16434089514
1307.51095943184
1292.40186453588
1276.10811141111
1260.66173689546
1244.90653127281
1229.51928937723
1212.81073893401
1197.69839093556
1182.17169107646
1166.90046759718
1150.70324432749
1135.45467553608
1120.25722713564
1104.61378517232
1089.13114791751
1073.29444884484
1044.83154625713
1029.7763090715
1015.36958818542
1000.76209330329
985.981057978491
971.225981704451
956.398447281628
941.575140085128
926.098580172683
911.442606239563
896.770098201312
882.407403380453
868.126868452304
853.131464460831
838.691553190286
824.423417917089
810.767818593572
795.58318571558
781.147500248284
767.362240439872
753.929898173459
740.578829040758
727.447811975018
714.108720844239
701.353208512368
688.52517481611
675.673900782346
663.327794087458
650.644877977501
638.128805065035
625.693780892473
611.212725298972
598.714588606825
586.873192779098
574.813701543314
563.034662117524
551.521461652757
540.262718981138
529.427656236421
518.50656933854
507.884949271766
497.398890771689
486.559556469084
476.421050100851
466.514372807837
456.579123506926
446.580434086698
436.842886184575
427.285929799505
418.239291292782
409.151090088721
400.040080238977
391.06022174987
382.560408297745
374.265784600325
366.10244186457
357.886092900206
349.665056918417
341.915020909485
334.459732203954
326.978552806717
319.891042183523
312.726718309367
305.727132240619
299.016654153438
292.428968445366
285.880854694831
279.425451395993
273.225048553918
267.220742477701
261.313913383079
255.162909502229
249.430977589603
243.868123552284
238.475298091371
233.112282609043
227.907391266293
222.911430336928
217.995147613678
213.129312927782
208.408673873755
203.816998686108
199.312150462079
194.892785338851
190.689032385231
186.540649210984
182.54049642806
178.638149024208
174.774150912636
171.035000066286
167.341767664744
163.74358740163
160.151521995365
156.694972389764
153.293068498039
150.110328805884
146.965734605915
143.945308439504
140.947993549386
138.050345332054
135.18838478809
132.494979642351
129.838154365168
127.281182583306
124.800602154179
122.366165520128
119.990706697243
117.739025087522
115.526850689511
113.335901640631
111.226495212662
109.183952177624
107.175112082956
105.264815111794
103.378602157686
101.543069461504
99.7777848922547
