2640.26
2650.81
2662.86
2668.26
2671.85
2676.3
2687.31
2699.04
2712.34
2701.6
2708.4
2712.97
2721.86
2720.68
2720.92
2724.96
2726.22
2719.59
2663.37
2659.76
2662.23
2664.48
2657.33
2704.59
2701.29
2693.26
2685.18
2681.83
2682.77
2674.23
2674.89
2666.03
2664.96
2657.74
2653.92
2647.71
2639.21
2635.26
2630.56
2628.37
2621.31
2615.04
2606.27
2603.78
2598.58
2591.52
2588.01
2577.69
2574.22
2570.02
2566.85
2561.73
2547.95
2543.86
2539.96
2537.75
2536.35
2530.16
2525.23
2519.08
2511.89
2505.84
2498.46
2492.54
2487.26
2480.67
2475.75
2468.84
2463.57
2453.83
2447.48
2438.03
2430.85
2450.88
2442.42
2435.44
2428.19
2422.16
2417.21
2408.63
2401.57
2393.99
2388.73
2382.25
2373.43
2365.87
2359.55
2350.71
2341.38
2332.91
2320.14
2310.73
2302.93
2295.6
2286
2276.57
2268.4
2262.38
2255.02
2247.83
2239.59
2230.44
2222.35
2213.01
2206.49
2193.46
2188.02
2173.55
2163.07
2154
2146.01
2137.71
2130.65
2121.15
2110.44
2102.56
2095.54
2085.11
2075.53
2066.72
2056.63
2048.08
2036.85
2028.09
2027.62
2017.05
2000.63
1989.92
1980.1
1969.39
1958.33
1947.79
1937.17
1927
1914.02
1898.34
1887.66
1877.11
1865.92
1849.61
1840.58
1826.82
1814.56
1803.12
1789.43
1775.62
1757.8
1745.17
1733.16
1719.44
1707.67
1689.75
1675.91
1662.98
1648.95
1636.27
1623.21
1610.35
1596.13
1575.19
1562.64
1549.32
1535.59
1522.39
1508.27
1493.45
1480.35
1467.54
1454.03
1439.22
1425.15
1411.09
1397.17
1381.93
1368.3
1354.21
1340.55
1325.48
1311.61
1297.96
1283.33
1269.11
1254.33
1227.06
1213.11
1199.85
1186.35
1172.62
1158.76
1144.73
1130.68
1115.57
1101.89
1087.99
1074.12
1060.25
1045.39
1031.37
1017.55
1004.34
989.045
974.801
961.359
948.195
934.97
922.295
908.878
896.209
883.379
870.442
857.95
844.948
831.914
819.244
802.393
789.278
777.069
764.441
752.007
739.738
727.621
715.952
704.115
692.773
681.444
669.29
658.036
647.076
635.931
624.604
613.541
602.498
592.384
581.926
571.254
560.908
551.076
541.18
531.288
521.156
511.493
502.296
493.289
484.078
475.345
466.362
457.629
449.153
440.845
432.392
424.068
416.105
408.351
400.631
392.148
384.667
377.238
369.872
362.687
355.657
348.828
341.999
335.214
328.527
322.014
315.531
309.139
303.083
297.085
291.182
285.413
279.666
274.048
268.392
262.861
257.379
252.087
246.914
241.956
237.004
232.267
227.501
222.822
218.192
213.791
209.417
205.209
201.081
196.981
192.988
189.147
185.348
181.573
177.891
174.335
170.783
167.384
164.025
160.717
157.526
