23859.6
23777
23719
23663.9
23621.8
23583.7
23537.3
23492.1
23472.7
23416.1
23396.9
23370.5
23323.5
23295.2
23273.9
23242.5
23212.3
23163.3
23170.2
23128.7
23088.8
23054.5
23032.4
22986.9
22960.5
22939.3
22891.3
22933.8
22910.1
22875.9
22847.1
22906.2
22962.7
22932.9
22919.1
22873.4
22852.1
22812.8
22780.4
22727.5
22698.9
22661
22630
22589.3
22551.8
22499.4
22450.9
22416.6
22381
22346.6
22306.7
22273.6
22242.3
22237.9
22207.3
22168
22125
22073.3
22033.8
21987.5
21953
21922
21888
21851.4
21807.4
21757.3
21808.5
21758.1
21716.5
21677.8
21637.7
21599.1
21548.9
21498
21449.1
21398
21350.5
21298.2
21251
21201.5
21149.8
21099.8
21050.2
21006.7
20951.1
20899.1
20844.1
20790.9
20726.6
20663.6
20608.2
20547.2
20488.4
20428.6
20370
20307.3
20246.6
20192.3
20130.8
20072.4
20011.1
19945.2
19878.1
19815.2
19754.3
19692.4
19629.2
19562
19499.1
19437.9
19377.8
19317.1
19256.2
19191.5
19128
19063.4
19001.4
18941.9
18876.4
18812.9
18751.4
18693.3
18628.7
18564.6
18496.8
18437.2
18375.9
18310
18249.1
18190.9
18131.9
18072.7
18017.2
17958.2
17898.6
17843.2
17784.5
17727.4
17672.2
17615.3
17562.2
17508.5
17456
17403.1
17353.2
17298.5
17248.4
17201.2
17169.9
17117.8
17067.1
17018.1
16970.4
16925.6
16877.1
16833.9
16789.6
16747
16703.3
16658.4
16616.6
16575.9
16533.5
16494.7
16456.7
16418.8
16382.6
16344.9
16309.5
16273.9
16239.6
16206.5
16173.4
16140.8
16107.9
16074.4
16042.1
16011.4
15980.2
15949.1
15921.8
15893.7
15866.1
15840.4
15812.1
15784.7
15759
15732.6
15706.6
15683.1
15657.9
15633.6
15607.7
15582.1
15559.6
15536.3
15513
15489.4
15466.8
15445.2
15423.1
15400.4
15379.5
15360.5
15337.5
15316
15295
15274.2
15255
15234.5
15216.6
15198.9
15178.1
15155.9
15133.1
15110.8
15090.5
15069.5
15049.4
15030
15010.7
14994.2
14975.6
14957.5
14941.8
14925.6
14908.4
14889.9
14871.8
14852.3
14835
14818.7
14802
14785.7
14770
14752.6
14732.1
14711
14690.5
14670.2
14650.3
14630
14610.4
14591.9
14572.3
14552.4
14532.3
14512.6
14492.6
14471.2
14450.1
14428.3
14407.2
14385.9
14366.2
14347.4
14326.2
14304.2
14281.2
14257.4
14232.1
14204.4
14179
14153.1
14128.1
14103.1
14075
14045.5
14017.7
13987.4
13956.3
13923.4
13887.2
13852.3
13818.3
13782.3
13741.9
13698.7
13655.2
13609.5
13563.9
13516.6
13468.9
13417.8
13366
13311.5
13256.3
13198.1
13138.1
13078
13017.9
12953.5
12885.1
12815.5
12742.1
12665.6
12587.9
12509.3
12429.4
12347
