-13.6383
-13.6557
-13.8305
-13.9177
-13.7957
-13.6297
-13.4991
-13.4826
-13.397
-13.537
-13.5938
-13.5731
-13.554
-13.5504
-13.573
-13.5035
-13.5125
-13.5465
-13.5034
-13.5176
-13.4653
-13.4492
-13.4343
-13.3585
-13.4075
-13.3731
-13.3443
-13.2909
-13.2792
-13.2093
-13.1858
-13.1601
-13.1745
-13.0885
-13.0467
-13.0208
-12.9338
-12.4994
-12.4948
-12.4839
-12.3794
-12.3137
-12.2668
-12.2467
-12.2339
-12.2147
-12.1857
-12.1842
-12.1285
-12.0973
-12.1079
-12.1036
-12.0812
-12.0618
-12.0481
-12.063
-12.059
-12.0269
-12.069
-12.0671
-12.0594
-12.0606
-12.0721
-12.085
-12.1008
-12.1125
-12.1207
-12.095
-12.1134
-12.1227
-12.1329
-12.1433
-12.1753
-12.1815
-12.2153
-12.3375
-12.3499
-12.3638
-12.3901
-12.4595
-12.4823
-12.5676
-12.6592
-12.7394
-12.8001
-12.8852
-12.7781
-12.8011
-12.8385
-12.8725
-12.9356
-12.9782
-13.0258
-13.0727
-13.1196
-13.1824
-13.2392
-13.3031
-13.3548
-13.4262
-13.4984
-13.5653
-13.7844
-13.9593
-14.0584
-14.119
-14.1623
-14.214
-14.2752
-14.3618
-14.4334
-14.5016
-14.5784
-14.6612
-14.7592
-14.8485
-14.9577
-15.0641
-15.1764
-15.2863
-15.3986
-15.505
-15.6122
-15.7552
-15.8863
-16.5746
-16.6791
-16.7962
-16.9254
-17.0697
-17.2138
-17.3232
-17.466
-17.5627
-17.7982
-17.9546
-18.1122
-18.2803
-18.4424
-19.0842
-19.2454
-19.408
-19.5695
-19.7291
-19.9061
-20.0608
-20.2344
-20.42
-20.635
-20.8163
-21.0079
-21.2103
-21.4351
-21.6254
-21.8451
-22.0701
-22.3203
-22.5457
-22.7432
-22.9816
-23.2024
-23.44
-23.6509
-23.8789
-24.1257
-24.3793
-24.6403
-24.9129
-25.1772
-25.4287
-25.6943
-25.9707
-26.208
-26.4986
-26.7924
-27.0403
-27.319
-27.5203
-27.808
-28.1479
-28.459
-28.8016
-29.7527
-30.7097
-31.3031
-31.5496
-31.8483
-32.1271
-32.4177
-32.7232
-33.0416
-33.3194
-33.5985
-33.9233
-34.2413
-34.5309
-34.8617
-35.1922
-35.5223
-35.8271
-36.1611
-36.3892
-36.7072
-37.0617
-37.4014
-37.7412
-38.061
-38.3982
-38.7118
-39.0306
-39.3561
-39.7067
-40.032
-40.3523
-40.6639
-40.9796
-41.2459
-41.5239
-41.7161
-41.9995
-42.366
-42.7674
-43.1378
-43.4995
-43.8186
-44.1278
-44.463
-44.7509
-45.1253
-45.4269
-45.7223
-46.0172
-46.3029
-46.5979
-46.8682
-47.1453
-47.4126
-47.6758
-47.9373
-48.1941
-48.462
-48.7062
-48.9465
-49.1997
-49.4381
-49.6674
-49.9009
-50.1281
-50.3534
-50.5568
-50.7778
-50.9982
-51.1946
-51.3621
-51.5608
-51.7349
-51.8979
-52.0375
-52.1723
-52.3347
-52.4558
-52.5197
-52.6507
-52.7948
-52.9312
-53.0524
-53.1533
-53.2478
-53.3293
-53.4211
-53.5157
-53.5961
-53.6832
-53.7354
-53.7551
-53.8021
-53.8203
-53.8606
-53.89
-53.879
-53.8747
-53.8783
-53.889
-53.9015
-53.8962
-53.8861
-53.8597
-53.8284
-53.7865
-53.7366
-53.6677
-53.5889
-53.5121
-53.4318
-53.3441
-53.2361
-53.1168
-52.99
-52.8575
-52.7076
