-407.622679409129
-409.086645006911
-410.423212451299
-418.198657674905
-422.227830919186
-424.06131008346
-425.636425880105
-432.854737784445
-434.665830345868
-433.667499590076
-440.468618462366
-445.806718592749
-448.863583986186
-447.750817666998
-451.870078758703
-454.381586701854
-457.431280911487
-461.385632550337
-462.128251046337
-465.510612261825
-464.95141031595
-466.29663914072
-469.114194571363
-466.26607213789
-471.230770310136
-470.120110999981
-470.573193311287
-470.147115751576
-470.528543716141
-468.351829481644
-467.868704898506
-467.742440901218
-469.118129660293
-466.616732558827
-465.82287636086
-464.481541496625
-462.243616159327
-463.585260880334
-463.049570248181
-459.011815373102
-452.215521206799
-448.443012120587
-445.133749939945
-444.074003168517
-442.720595048654
-441.947489914858
-440.055011940583
-439.602767952614
-456.768062929904
-454.302851647838
-452.347843799501
-452.741052594248
-451.063794296232
-449.919745141003
-447.836170187438
-448.728729561401
-448.310543985825
-445.572001774849
-462.225795408829
-462.043307013263
-461.761202841295
-460.473394572131
-460.370546267019
-458.529157657
-458.421632124031
-456.506035233934
-456.113354929436
-454.265956893469
-454.113614269791
-453.190705790409
-453.017734943314
-451.967686407936
-453.02053849476
-451.669394852754
-452.036121030728
-468.849265913886
-468.406317189161
-467.713402740514
-466.549252186945
-468.448165879568
-468.824942421536
-487.089091068227
-487.636140873094
-487.507931522724
-486.666030396236
-487.788753489447
-496.223283998691
-495.736711691589
-495.456480000881
-494.442900186963
-494.962923690764
-495.219791404089
-495.519443288899
-496.272826341415
-496.095001519542
-496.922585955652
-497.514043342311
-498.226900862647
-498.411858879561
-499.425614485355
-499.73905104053
-500.42441691147
-503.047886393798
-506.586018309838
-505.011481059605
-505.143952955139
-504.94391405701
-505.629648481014
-506.580443859767
-507.634575634429
-508.795673440805
-508.97234083303
-509.981050238325
-511.115924727539
-512.67343711612
-513.384057012846
-514.815360206707
-517.454742882665
-519.454882055891
-521.036488946667
-522.496384510732
-523.641942593204
-524.626699287745
-527.545928981618
-528.957137664071
-559.590001111556
-560.478169966684
-560.942382964568
-563.172247145232
-565.64161272064
-568.796036499542
-569.361575143738
-571.048984043116
-569.337546936284
-569.983427888348
-570.869722220471
-573.03981285784
-575.975459544247
-578.210791205592
-600.038586233269
-601.754754727626
-604.124974805726
-605.435597316023
-605.998227341726
-607.980902780394
-608.248238771686
-608.92393580768
-610.748048223535
-615.052991206622
-616.056682727113
-617.420888445936
-619.380954187639
-621.855732549682
-622.598528703645
-623.860465819577
-624.777878176187
-624.110340821186
-625.860644883543
-626.66558348586
-627.008173151692
-628.725757524964
-631.437542988283
-629.484836718558
-629.868284835429
-630.812329867844
-629.668215937368
-631.087962567706
-633.077415705486
-635.801750171463
-637.554662150904
-639.566952192604
-641.106760753816
-641.137992091905
-643.242937259717
-645.559209450735
-644.997092449382
-645.500436148243
-637.988664777232
-635.638735144835
-638.536110449981
-639.950889066204
-642.600507599509
-651.73982704569
-669.737301457979
-680.194162858831
-676.293621851259
-674.639285525745
-672.5877143521
-669.616301852485
-668.114891377458
-667.339704530871
-663.621812851772
-659.179571828972
-657.198066312115
-655.380841407992
-651.810180968058
-649.323334899338
-647.018373693241
-644.130140007988
-640.257944127488
-636.979044575632
-629.397127026695
-623.24879212993
-620.067891001404
-616.664102279515
-613.173120277072
-609.245109588893
-604.796937267838
-600.512317622532
-595.824733225481
-591.403681574343
-586.898203143387
-582.086735400545
-576.521248668258
-570.523159435774
-565.203341328769
-558.587135791689
-551.659863938676
-542.650457271563
-533.963725191236
-529.093801328217
-525.274415100081
-520.727552883906
-516.040912747915
-510.732221060456
-505.070623720635
-499.728693371974
-493.610145069362
-489.240211682948
-483.687331525705
-477.831849182366
-471.898484724193
-465.940158168309
-460.088189452122
-453.942501722781
-447.785589154017
-441.582634185132
-435.46933212804
-429.190683452048
-423.01867676148
-416.790974694306
-410.357687673218
-404.00577495161
-397.741572480986
-391.689648464116
-385.420504475839
-379.380790532295
-373.226121520894
-367.104144565366
-360.708623152712
-354.762809699289
-349.02446888047
-343.063511105102
-336.819853624906
-331.121975839954
-325.184770968955
-319.307807673889
-313.319480595271
-307.290541499258
-301.677168385909
-295.988161906183
-289.544012980183
-283.862966275194
-278.568739263376
-273.320863007251
-268.059626284944
-262.734935421989
-257.434667045871
-252.211210494249
-247.252679859552
-242.379011462722
-237.469581920884
-232.737399092692
-227.977988118761
-223.102943002969
-218.399176283643
-213.778038656902
-209.344483657245
-204.960941395584
-200.379619244354
-196.053752393699
-191.74765350578
-187.728744359544
-183.743639230007
-179.840961765037
-175.976526109522
-172.21380955316
-168.502753980198
-164.823068503668
-161.255613893995
-157.757136898118
-154.272880351519
-150.878564419494
-147.571265376827
-144.332576246804
-141.088048380523
-137.965568509722
-134.852630190519
-131.809670940514
-128.827217988278
