1679.9957555992
1683.79768537583
1667.11249133979
1687.62651425572
1719.5608940649
1748.89227518172
1773.0259989532
1805.38491144619
1824.96003683087
1801.23007686394
1821.54146748018
1846.53690397933
1861.91899678022
1857.81549820711
1871.6657355208
1892.12632243894
1903.50884243906
1914.96155462091
1924.39961330407
1936.37068803254
1941.84213543357
1949.87975627372
1963.91938769178
1963.48750901886
1976.871839223
1977.47545859193
1983.81223137091
1990.27414997293
1993.70840394185
1995.37132479676
1996.99449670664
2000.49539151675
2004.10696790965
2006.99065650444
2010.22387508429
2008.56360678693
2012.80448114563
2091.20161313885
2089.57908881023
2073.22529365428
2060.32592549811
2054.38518357201
2047.26645912651
2045.84912928835
2041.81434570329
2041.55209626352
2037.79722724465
2035.9613210492
2125.47381463223
2119.62080018683
2108.59564476216
2111.20112241725
2107.39810438728
2105.53619010271
2098.24045682849
2099.74726880789
2098.50727798384
2091.42274082366
2161.79669480242
2161.29373277772
2161.39492468419
2155.1460778776
2152.55022543722
2141.58273853203
2138.2002037463
2127.14611068328
2123.83476642017
2119.86392971522
2115.83633245458
2109.86706317843
2107.23465143938
2100.49476441696
2099.68483151684
2092.324216787
2088.05022968402
2143.59539063509
2139.35198668131
2133.70955610104
2123.7373141902
2120.1241245465
2117.82860103537
2184.9142591558
2171.01946242184
2156.32826332227
2142.05122825258
2132.3284550156
2188.00566665572
2181.79939975728
2173.99708924026
2163.62255914813
2154.96785836158
2148.7622637932
2141.92967469118
2137.21789442141
2128.54255244459
2121.57143732356
2114.65318404158
2107.13886890656
2099.45936255699
2092.12520746152
2081.81906093328
2074.00168595853
2050.45400133598
2037.97168924227
2016.73111841861
2008.24356759653
2001.05460496629
1996.17776437294
1990.99444469311
1982.59275700292
1976.84348788363
1967.82331845797
1960.8776250694
1953.64706932698
1946.00095243439
1936.44208940134
1927.00659391587
1922.56129927455
1915.02880354534
1906.37946568518
1897.09221733505
1887.5521877705
1877.45817817454
1869.88715895236
1858.60505611446
1880.15132004208
1870.64991836816
1858.37624260913
1850.66812574416
1842.11252803915
1835.9176204183
1825.40592098027
1814.89059447762
1798.8416444336
1775.48214996171
1761.70495042499
1751.9541652052
1743.59966245202
1733.88071776388
1734.35467636559
1723.60555582265
1714.74161823756
1703.12905826382
1689.78270024837
1678.97017765484
1665.64663507334
1651.94551980399
1640.49903126797
1633.29185561178
1620.39185574578
1607.77377420165
1596.00838155368
1583.93184979503
1570.46994764499
1556.20875180272
1540.94879442558
1520.20385849401
1507.55908318247
1494.92527173579
1478.45858826041
1466.75741372753
1456.37568855187
1437.35192727509
1422.7929238503
1408.50330513872
1389.42996956963
1375.85805939499
1363.04487740634
1352.54428961824
1340.9530539022
1329.26036880028
1316.17149392309
1302.50533112013
1290.22468820957
1278.41134721706
1263.67996883382
1249.6172642183
1224.50537410653
1205.18822180748
1193.46941232334
1180.65689477654
1168.80866857363
1140.18347380694
1127.53129474786
1118.58652164809
1101.46942192841
1086.03647490557
1071.07097528717
1054.42631544049
1039.76956020057
1025.9814253468
1009.52259093461
992.201368767133
977.155290440377
962.869936811485
947.294833927847
932.110383567956
917.472153802694
902.294113431585
886.85509379021
871.562463149667
854.030483349712
835.933151100363
821.016875678613
806.522319939008
792.175373367337
778.089250835672
763.113075432758
749.245618194471
734.979320850447
721.112402833506
706.754125117826
692.917652947835
678.553910779381
664.14032521179
650.659807354653
637.038505694151
623.014190304011
608.713058672938
593.037203045389
580.122621772378
567.892573617817
555.726264061308
543.803161787699
532.240660670202
520.686689161965
509.184930552486
497.920967935277
487.10504123487
476.532780961124
465.933626950192
455.433378652696
445.216968802955
435.115716709554
425.264696049018
415.448781530274
405.876862314323
396.582950768132
387.296315302591
378.300738977558
369.23859053784
360.429368127085
351.859706857363
343.324950005607
335.267084590864
327.237554589307
319.458105021755
311.754590688687
304.19821118299
296.745153976058
289.566449973519
282.65259773564
275.883383284024
269.244731551235
262.813102131239
256.493993338768
250.388201574065
244.461933855784
238.597014084613
232.870904742649
227.482697468179
222.016806803745
216.631879236293
211.485032589101
206.477075894569
201.613317546178
196.885041254543
192.250980762079
187.791885386525
183.484808393692
179.248273306478
175.102626683099
171.067704139528
167.249718795943
163.555312501349
159.831741427121
156.345588326016
152.877241246961
149.514890570257
146.231857977281
143.097503319764
139.936063168246
136.949369002522
133.980798096268
131.160555779649
128.389695125522
125.766105541947
123.197157422925
120.691898891496
118.295507254802
116.021117417083
113.785916545264
111.594962676245
109.469067393863
107.409473525199
105.408766524304
103.524234239087
101.655651622028
99.8406528552044
98.1130381825
