1728.74
1732.78
1716.89
1738.67
1770.64
1799.57
1823.4
1856.55
1876.01
1852.7
1874.04
1899.59
1915.26
1911.01
1925.44
1945.92
1957.7
1969.76
1979.11
1991.54
1996.73
2004.86
2019.17
2018.09
2032.26
2032.59
2038.86
2045.05
2048.48
2049.6
2051.07
2054.45
2058.28
2060.52
2063.49
2061.57
2065.2
2141.97
2140.27
2123.43
2109.37
2102.76
2095.1
2093.49
2089.26
2088.84
2084.77
2082.88
2174
2167.76
2156.57
2159.2
2155.13
2153.07
2145.5
2147.16
2145.86
2138.36
2210.66
2210.13
2210.17
2203.79
2201.23
2190.12
2186.79
2175.58
2172.26
2167.99
2164.02
2157.99
2155.38
2148.57
2148
2140.52
2136.42
2194.27
2190.03
2184.37
2174.38
2171.26
2169.1
2238.55
2225.11
2210.75
2196.64
2187.41
2243.57
2237.41
2229.74
2219.4
2211.08
2205.09
2198.5
2194.08
2185.59
2178.99
2172.39
2165.24
2157.81
2150.91
2140.96
2133.52
2111.26
2099.99
2079
2070.8
2063.78
2059.22
2054.43
2046.55
2041.27
2032.58
2026.11
2019.4
2012.4
2003.34
1994.59
1990.98
1984.23
1976.3
1967.73
1958.84
1949.38
1942.88
1932.41
1961.66
1952.81
1941.19
1934.46
1927
1922.01
1912.14
1902.61
1886.79
1864.73
1851.89
1843.29
1836.27
1827.75
1835.22
1825.63
1818.05
1807.54
1795.16
1785.66
1773.23
1760.6
1750.5
1745.26
1733.55
1722.25
1711.98
1701.63
1689.38
1676.6
1662.79
1643.33
1632.31
1620.96
1605.92
1595.83
1587.37
1569.15
1555.98
1543.31
1525.45
1513.69
1502.89
1494.53
1484.8
1475.12
1464.01
1451.75
1441.68
1432.16
1418.77
1406.49
1380.74
1362.54
1353.55
1342.94
1333.81
1313.31
1311.44
1309.16
1292.52
1278.52
1264.74
1249.08
1235.92
1223.92
1208.11
1191.21
1177.6
1164.75
1149.88
1135.98
1122.67
1108.62
1093.82
1079.52
1060.9
1042.7
1028.86
1015.26
1001.76
988.232
973.715
960.2
946.151
932.61
918.668
904.964
890.4
875.545
861.866
847.253
832.151
815.476
798.004
785.164
773.573
761.57
749.68
737.65
725.404
713.441
701.125
690.382
678.997
667.396
655.826
644.452
633.251
622.024
610.827
599.776
588.992
578.103
567.5
556.823
546.171
535.748
525.424
515.582
505.602
495.967
486.301
476.762
467.085
457.936
449.122
440.232
431.208
422.744
414.167
405.773
397.405
389.045
381.101
373.306
364.866
357.082
349.752
342.545
335.416
328.319
321.299
314.446
307.897
301.459
295.047
288.844
282.748
276.632
270.637
264.849
259.223
253.7
248.064
242.722
237.38
232.373
227.404
222.589
217.834
213.248
208.736
204.287
199.993
195.827
191.696
187.664
183.741
179.913
176.116
172.487
168.876
165.354
161.934
