-26.7159
-26.6614
-26.9159
-27.0249
-27.4194
-27.6512
-27.9975
-28.2604
-28.5795
-28.8841
-29.1369
-29.5876
-29.8968
-30.1683
-30.5015
-30.7816
-31.0853
-31.4512
-31.8472
-32.0926
-32.436
-32.7318
-33.0821
-33.3975
-33.7774
-33.9926
-34.4276
-34.7535
-35.0113
-35.3973
-35.6548
-35.973
-36.3053
-36.5288
-36.8564
-37.1679
-37.4476
-37.7612
-38.0619
-38.3621
-38.6887
-38.9846
-39.2721
-39.5843
-39.8398
-40.1732
-40.4813
-40.7864
-41.0785
-41.3645
-41.6443
-41.9394
-42.2424
-42.5254
-42.8136
-43.1171
-43.4186
-43.7056
-43.994
-44.293
-44.5873
-44.8737
-45.164
-45.4571
-45.7558
-46.0951
-46.3773
-46.6703
-46.9554
-47.2383
-47.5201
-47.8003
-48.0723
-48.3464
-48.6145
-48.8805
-49.1503
-49.4042
-49.6703
-49.928
-50.185
-50.4385
-50.6839
-50.9308
-51.1686
-51.3966
-51.6196
-51.8432
-52.0534
-52.265
-52.4714
-52.6664
-52.8555
-53.0447
-53.2177
-53.3912
-53.5514
-53.7187
-53.8682
-54.0047
-54.1424
-54.2787
-54.3927
-54.5079
-54.6093
-54.7055
-54.7981
-54.8762
-54.944
-55.008
-55.0617
-55.107
-55.1403
-55.168
-55.1863
-55.1935
-55.1965
-55.1804
-55.1599
-55.1337
-55.0907
-55.0432
-54.9839
-54.9119
-54.8265
-54.7362
-54.6366
-54.5212
-54.3967
-54.2575
-54.1136
-53.957
-53.791
-53.6104
-53.4124
-53.214
-52.9991
-52.7754
-52.5396
-52.2906
-52.0362
-51.806
-51.5248
-51.2264
-50.9233
-50.6097
-50.2859
-49.9523
-49.6077
-49.25
-48.8838
-48.5146
-48.1292
-47.7414
-47.3966
-46.984
-46.5663
-46.1315
-45.6969
-45.247
-44.7951
-44.3362
-43.874
-43.4023
-42.9225
-42.4817
-41.9874
-41.4952
-40.9925
-40.4875
-39.9747
-39.4637
-38.9489
-38.4258
-37.9024
-37.3764
-36.8484
-36.3184
-35.7921
-35.2573
-34.7256
-34.1926
-33.6578
-33.1678
-32.6326
-32.097
-31.5654
-31.0344
-30.5039
-29.9746
-29.4471
-28.9264
-28.4046
-27.8786
-27.3798
-26.8664
-26.3553
-25.8524
-25.3434
-24.855
-24.3598
-23.8719
-23.3837
-22.9138
-22.4446
-21.9735
-21.5143
-21.0577
-20.6099
-20.157
-19.7238
-19.2875
-18.8626
-18.4393
-18.0261
-17.6194
-17.2194
-16.8254
-16.4322
-16.0523
-15.6792
-15.3124
-14.9513
-14.597
-14.2477
-13.903
-13.5681
-13.2435
-12.922
-12.608
-12.2993
-11.9977
-11.704
-11.4143
-11.1323
-10.8564
-10.5894
-10.3265
-10.0682
-9.81838
-9.57434
-9.33599
-9.10313
-8.87673
-8.65608
-8.44134
-8.23174
-8.02564
-7.82734
-7.63377
-7.44556
-7.26238
-7.08434
-6.91135
-6.74285
-6.57947
-6.42089
-6.26604
-6.11681
-5.97211
-5.83158
-5.69476
-5.56259
-5.43534
-5.3106
-5.19022
-5.07386
-4.96168
-4.85276
-4.7487
-4.64886
-4.54942
-4.45555
-4.36479
-4.27865
-4.19495
-4.11463
-4.0371
-3.96311
-3.89195
-3.82466
-3.75862
-3.6979
-3.63852
-3.5832
-3.52906
-3.47934
-3.43198
-3.38715
-3.34442
-3.30595
-3.26956
-3.23526
-3.20401
-3.17577
-3.14984
-3.12665
-3.10559
-3.0874
-3.07244
