-6760.13745182884
-6617.63396032875
-6615.94994754573
-6562.62222225267
-6619.64672917565
-6621.65069907357
-6646.84319346601
-6659.25318162756
-6677.05230585725
-6688.21206905711
-6683.6003207477
-6744.28024135346
-6749.81545903697
-6740.89325172241
-6751.22006766262
-6739.40833554911
-6733.45251004184
-6744.89658719808
-6768.39865723539
-6740.14687037601
-6744.10174751016
-6726.0742396097
-6728.02654391305
-6713.2738790845
-6715.53499644879
-6670.73252082268
-6682.88993753654
-6666.30008349733
-6624.37871901634
-6619.93380358831
-6579.95442980806
-6552.13858380747
-6526.05013143713
-6472.07928302882
-6443.41527957662
-6410.48372834422
-6365.52481387193
-6328.61791291892
-6289.2284584839
-6248.92969969144
-6213.68197873664
-6170.9860264672
-6123.61718749894
-6081.17694406226
-6025.5314261341
-5985.58942821017
-5938.59444314193
-5889.71142273874
-5839.00873747764
-5786.32325134282
-5730.83038855872
-5677.37036882007
-5625.86646150843
-5569.96827656931
-5514.77352339215
-5462.4790255768
-5408.05251666537
-5350.27072178361
-5293.72989163075
-5236.42528871714
-5179.71377907275
-5119.75477809238
-5061.52066512351
-5004.45873774994
-4945.15571387918
-4886.70687171749
-4827.87511212446
-4768.06670773479
-4708.23690877488
-4648.30903603356
-4587.85518134589
-4527.16727794497
-4465.30048781885
-4402.76837223681
-4341.553519146
-4279.25529983486
-4217.20699012859
-4155.57070263127
-4094.7494971576
-4032.99314384764
-3971.22842100885
-3910.73895483407
-3849.51874721784
-3789.07868884582
-3727.2858956373
-3666.22019462497
-3604.5796105352
-3544.35850942359
-3483.74424218887
-3423.83405480843
-3364.07577326833
-3304.74883506487
-3245.13566568518
-3186.56615914531
-3127.72264865106
-3070.19374698602
-3012.73070024207
-2956.04738850812
-2899.70310016785
-2843.34640423333
-2788.17296982274
-2733.53839053207
-2679.32098627504
-2625.85401835484
-2572.78297116706
-2520.34702548205
-2468.99457987336
-2417.91607529935
-2367.27526715452
-2317.76332917195
-2268.87531282182
-2220.51257947166
-2172.89290612188
-2126.03264937168
-2079.95363062016
-2034.5487579022
-1990.15947066445
-1945.94814514725
-1902.8012008604
-1860.35045799392
-1818.5710320217
-1777.98974068867
-1737.35802452494
-1697.48293447738
-1658.38063293153
-1620.31659663176
-1583.1500891947
-1545.87583562926
-1509.63005999663
-1474.19260148667
-1439.86952452031
-1405.77343393146
-1372.57849274822
-1340.24699414548
-1307.55018522013
-1276.66314971371
-1245.5851155311
-1215.57821527144
-1186.47765626316
-1157.46070111003
-1129.50853781035
-1102.73452414555
-1075.8068206188
-1049.03436857139
-1023.32237020115
-998.201461890507
-973.506946494378
-949.430245485404
-926.007012174924
-902.934129237505
-880.5476146493
-858.698991089669
-837.249252638261
-816.512095203517
-797.068677227187
-777.138766712433
-757.72978328091
-738.559013118245
-720.142101256345
-701.894456363944
-684.295898069885
-667.104506092896
-650.307908724424
-633.880938056881
-617.869464673126
-602.927627228923
-587.656212202979
-572.831804078685
-558.320551566434
-544.203615374569
-530.353449753036
-516.938065213789
-503.869083350512
-491.030851836837
-478.565590850926
-466.4008802684
-454.562248964862
-442.970863178673
-431.760686198678
-420.707899650755
-410.029490988225
-399.568138424674
-389.367594233725
-379.938497377485
-370.181127903373
-360.704501141558
-351.465547574738
-342.456858623428
-333.661788836785
-325.088659562332
-316.719153532079
-308.579879010932
-300.630570211735
-292.779132079613
-285.406637504353
-278.002040377633
-270.791785877506
-263.798901423042
-256.833240014089
-250.251241468168
-243.70392775527
-237.363866013126
-231.092886268478
-225.170752432224
-219.306251917766
-213.527883215798
-207.956925436984
-202.481159626279
-197.202151043215
-191.919777629341
-186.932314525455
-181.963307920906
-177.192855180434
-172.454880403045
-167.912628617368
-163.48125601958
-159.173464926508
-154.917805902038
-150.797676908333
-146.796393792534
-142.908698989801
-139.104556877815
-135.409186066861
-131.800733849758
-128.277032704288
-124.828236216703
-121.504747048629
-118.28029338476
-115.118029710958
-112.065788214849
-109.072049662441
-106.140076097406
-103.324732008835
-100.554398113021
-97.8769277618255
-95.2712047547179
-92.7563685411698
-90.2936718455521
-87.8816329950241
-85.5658244412245
-83.305452167098
-81.1016182463444
-78.9723149806962
-76.8917742551617
-74.8829416716445
-72.9217355757421
-71.0204806388646
-69.1749575608451
-67.3788965201644
-65.6379954803948
-63.9511812054026
-62.3121546378048
-60.7263348366464
-59.1838643061026
-57.6885256318214
-56.2398912163672
-54.8329875797228
-53.4728321240828
-52.1514963947182
-50.8802858939564
-49.6472760863399
-48.4468477062418
-47.289475508552
-46.1736444850467
-45.0878856196243
-44.0362833014035
-43.020599366847
-42.0447743374349
-41.103642701609
-40.1976224170176
-39.328500228764
-38.4739735965966
-37.6554847336218
-36.8764677933374
-36.1332837249418
-35.4043767457159
-34.7133935793034
-34.0418831514453
-33.4077882512132
-32.7929122110052
-32.2145144529357
-31.6465543343402
-31.1229962720752
-30.614135010591
-30.1361653012816
-29.6748815279187
-29.2426916703002
-28.8379425071696
-28.4492834019636
-28.0874714750772
-27.7535617179959
-27.4386472139178
-27.1446138565549
-26.8766572251268
-26.6304272271592
-26.4089801952085
-26.2065621883939
-26.0231747030647
-25.8656759267593
-25.7343539867468
