13431.7500956644
13179.8131692791
13031.7854222501
12866.045514376
12760.0167394449
12638.5291719194
12502.209886715
12388.079242279
12257.0127598386
12123.625882108
11989.8819995237
11878.0650219676
11739.8060835324
11596.7677880038
11460.6112091803
11313.72186757
11168.6494821447
11027.7429076853
10896.2564629663
10747.7981524478
10612.2595534236
10464.1577627279
10327.8233342947
10182.1809566714
10040.1110905941
9892.52343366639
9750.03601699875
9608.17858320522
9456.62321270354
9316.08149363824
9172.2361827228
9027.18778682384
8882.41848214603
8737.32468460393
8595.43816770957
8455.33280590622
8311.44120137902
8170.22352645763
8031.94416607811
7894.90958138941
7759.07848249542
7624.72251059975
7489.03556881443
7354.9827012037
7221.86074542221
7089.71252791667
6957.79778331361
6826.57160340832
6698.45380222628
6571.49893687653
6444.7462064826
6318.78580089908
6195.24689319761
6073.14634848458
5952.57882670972
5833.84149386436
5715.13763048532
5597.64305989808
5482.96670945165
5367.27606762347
5254.87514984741
5142.3761517221
5032.62770184996
4925.23892197711
4816.38186484295
4703.38809811704
4601.17205010085
4497.86747411383
4397.3588977078
4298.61329885915
4201.034792167
4104.94142368735
4010.38339053571
3916.3322525076
3825.64202043146
3735.59781336739
3646.58391210329
3561.22649560972
3476.25084697977
3392.72851393652
3310.46453481556
3230.82082597339
3152.60137329768
3075.9200993905
3000.17944793028
2927.06134785796
2854.94745384463
2784.81043462147
2716.57432319012
2649.58212577645
2584.01509171465
2520.60802726989
2458.24118452563
2397.35440481584
2338.32886171197
2280.85881633825
2225.12364991677
2169.9476576393
2116.96603385055
2065.45574514038
2015.15783978571
1965.78793054778
1918.72181219846
1872.4572578272
1827.75325144638
1784.14196633669
1741.80670516449
1700.84079704979
1661.03449139941
1622.43311296514
1585.04514284852
1548.64775481971
1513.56007641759
1479.39284296148
1446.34313164961
1414.39055643008
1383.3771699087
1353.45666310303
1324.45726503509
1296.17239993058
1269.09160961356
1242.96503024254
1217.23887968583
1192.48436365348
1168.71051536197
1145.71183911125
1123.56484636305
1101.79973516858
1080.92049016316
1060.97386293063
1041.77093487851
1022.96699304158
1004.90672982373
987.739846662065
970.633477029717
954.579618765805
938.646384730366
923.496957578914
909.114153496848
894.890657558717
881.320111317975
867.579530278055
854.975364329332
842.6497535489
830.940772044491
819.648950148571
808.625819973115
798.014458864954
787.879180016118
778.017821362794
768.589186975349
759.322695302587
750.450938740617
741.891074745049
733.029519107725
725.099463296367
717.394136531004
709.949566266368
702.833313736689
695.868713375277
689.207815020063
682.743868190373
676.383954781946
670.256400116499
664.383330932185
658.402109180325
652.947049513394
647.577881930011
642.444148699755
637.462126919905
632.617725533401
627.906112228591
623.362426975283
618.953994957129
614.691449114516
610.548063927699
606.556996584004
602.626044159013
598.824968469291
595.127017867993
591.592848279911
588.110034586081
584.764660232338
581.319654952883
578.111135699864
575.079132342863
572.072884724481
569.169587632521
566.357155482507
563.646983273189
561.007131400238
558.383232955287
555.897929999894
553.463333241425
551.080659860659
548.769317752799
546.576791624261
544.423016258494
542.271414651248
540.230764606794
538.245829529272
536.352020500811
534.441244302968
532.695858638028
530.903483625585
529.204627124877
527.543256867905
525.897868371224
524.372695330267
522.833177963779
521.399164366569
519.969273026283
518.642452802512
517.233704722702
515.982046787295
514.753423524565
513.590712089198
512.29164020458
511.305467289418
510.181786161077
509.123308986185
508.048597832754
507.077583851535
506.099443742695
505.177022994497
504.294266910727
503.466740396671
502.573999747117
501.746326667637
501.024902711217
500.278955127471
499.448382368025
498.760905601374
498.05266330392
497.398460975611
496.77190758897
496.146905809212
495.551023533044
494.955646892858
494.427595727315
493.876431152809
493.31484012426
492.868225280946
492.328706517194
491.883667799208
491.371512696474
490.92141566021
490.612261843765
490.138416988227
489.731899992553
489.349929542688
488.969595333283
488.62895411683
488.258114556017
487.929541629144
487.597337498854
487.243332672785
486.997106768233
486.64254588434
486.370894618859
486.10326001911
485.824393894881
485.559633778515
485.271234387501
485.056962092445
484.794090158903
484.532897491096
484.304372091471
484.143288481477
483.896247268998
483.647607877632
483.525734859778
483.251140842395
483.133696448599
482.964218553769
482.698342790036
482.549012974028
482.333196328537
482.215142156654
482.021803868582
481.876394278202
481.72261595213
481.554303878647
481.432610821653
481.252355387414
481.174817844101
480.959832093987
480.864054651575
480.676838008568
480.641018294461
480.466091520479
480.312899946556
480.214423252341
480.121325734864
479.961780088476
479.896899233626
479.757772034248
479.637563194725
479.548941532407
479.441842613768
