15037
14747.9
14615
14443.1
14374.9
14268.1
14159.3
14064.5
13957.7
13846.1
13726.9
13659.2
13541.9
13413.6
13301.3
13168.9
13041.4
12926.9
12827.3
12686.4
12573.9
12439.4
12326
12196.1
12079
11931.5
11820.5
11694.3
11546
11428.6
11288.3
11154.4
11022.1
10873.3
10742.4
10610.7
10469
10334.6
10201.3
10068.7
9940.48
9809.05
9673.9
9543.4
9405.44
9278.54
9147.56
9016.14
8886.13
8755.92
8624.22
8494.68
8368.48
8240.61
8114.55
7992.02
7868.28
7743.32
7621.45
7498.52
7378.56
7256.44
7137.67
7021.58
6903.05
6782.46
6669.27
6554.79
6442.38
6331.26
6220.7
6111.12
6001.84
5892.54
5786.59
5680.38
5575.16
5472.76
5371.34
5270.26
5170.09
5072.68
4975.71
4880.41
4784.74
4691.36
4598.23
4507.51
4417.72
4329.31
4241.95
4156.3
4071.1
3987.67
3905.18
3824.71
3745.36
3667
3590.24
3514.36
3440.17
3366.98
3295.49
3225.09
3155.93
3087.93
3021.56
2956.21
2891.89
2829.19
2767.7
2707.21
2648.08
2590.1
2533.4
2477.88
2423.73
2370.35
2318.37
2267.37
2217.61
2169.38
2121.34
2074.48
2028.82
1984.46
1941.33
1898.34
1856.71
1816.29
1777.22
1738.58
1701.12
1664.9
1628.44
1594.08
1559.66
1526.59
1494.73
1463.06
1432.66
1403.11
1374.17
1345.56
1318.2
1291.6
1265.54
1240.26
1215.83
1191.89
1168.8
1146.27
1124.35
1103.22
1082.89
1062.88
1043.46
1024.45
1006.27
988.377
971.22
954.551
938.294
922.523
907.286
892.757
878.453
864.577
851.15
838.162
825.518
813.321
801.539
790.073
779.019
768.309
757.983
747.918
738.247
728.815
719.796
711.005
702.536
694.468
686.474
678.84
671.413
664.252
657.336
650.677
644.236
637.976
631.982
626.132
620.602
615.169
609.979
604.968
600.018
595.378
590.847
586.528
582.264
578.331
574.416
570.659
567.052
563.531
560.228
556.945
553.896
550.889
548.076
545.226
542.616
540.09
537.691
535.203
533.079
530.881
528.8
526.748
524.846
522.98
521.209
519.514
517.921
516.305
514.783
513.405
512.031
510.602
509.351
508.102
506.937
505.825
504.743
503.71
502.697
501.777
500.853
499.937
499.155
498.297
497.551
496.753
496.032
495.465
494.748
494.111
493.511
492.924
492.388
491.832
491.328
490.83
490.319
489.924
489.429
489.025
488.632
488.234
487.857
487.463
487.148
486.79
486.439
486.126
485.885
485.563
485.244
485.054
484.716
484.539
484.314
483.995
483.796
483.533
483.371
483.136
482.952
482.761
482.559
482.405
482.195
482.089
481.848
481.728
481.518
481.461
481.267
481.096
480.981
480.873
480.7
480.623
480.473
480.343
480.246
480.132
