886.721
969.799
1035.46
1082.41
1120.46
1154.3
1181.02
1200.59
1223.42
1236.58
1245.28
1253.51
1260.27
1334.16
1331.78
1330.55
1328.16
1327.94
1325.17
1326.72
1324.22
1326.56
1322.89
1398.32
1393.48
1391.14
1388.12
1385.4
1383.43
1381.84
1382.51
1378.78
1376.25
1377.09
1376.51
1375.36
1375.23
1369.19
1365.03
1360.75
1358.48
1358.62
1359.17
1357.95
1358.19
1353.15
1351.23
1347.93
1348.31
1347.14
1343.91
1415.96
1408.36
1399.25
1392.22
1385.91
1380.71
1373.44
1364.34
1355.2
1349.61
1396
1383.77
1374.47
1363.34
1353.06
1345.44
1337.36
1326.5
1316.83
1306.32
1297.16
1286.1
1276.63
1265.32
1293.22
1281.35
1269.42
1256.48
1244.65
1232.5
1221.08
1207.75
1197.39
1182.95
1168.99
1157.39
1145.4
1131.25
1119.19
1105.98
1092.96
1079.63
1066.97
1053.69
1040.52
1026.78
1013.01
999.79
986.729
973.874
960.975
945.632
933.077
919.874
905.735
892.374
878.72
864.819
851.348
838.101
824.573
811.444
798.088
784.524
771.449
758.376
745.469
732.662
720.134
707.487
695.283
682.302
669.57
657.225
645.505
633.325
620.897
609.098
597.157
585.801
574.092
563.064
552.245
541.251
530.599
519.74
509.26
498.988
488.735
478.978
468.742
458.936
449.37
439.927
430.717
421.577
412.565
403.866
395.171
386.792
378.463
370.258
362.299
354.332
346.599
339.081
331.595
324.523
317.152
310.279
303.375
296.685
290.009
283.658
277.232
271.171
265.06
259.158
253.516
247.757
242.281
236.856
231.604
226.446
221.397
216.487
211.638
206.954
202.356
197.874
193.509
189.245
185.095
181.001
177.032
173.179
169.397
165.694
162.11
158.608
155.208
151.883
148.621
145.516
142.432
139.47
136.558
133.667
130.953
128.227
125.627
123.055
120.633
118.233
115.9
113.623
111.442
109.292
107.161
105.189
103.204
101.308
99.4513
97.6677
95.9377
94.2631
92.6062
91.0427
89.5061
88.0258
86.6007
85.2047
83.8731
82.5599
81.2873
80.0657
78.9352
77.7814
76.652
75.6044
74.5632
73.5747
72.6132
71.6848
70.7594
69.9078
69.0837
68.2967
67.5528
66.7973
65.9553
65.362
64.6528
64.0694
63.3922
62.7137
62.172
61.6107
61.103
60.5816
60.0739
59.6062
59.1294
58.6877
58.2448
57.8312
57.4298
57.0449
56.6811
56.318
55.9804
55.6347
55.3125
55.0138
54.7169
54.4293
54.1507
53.8963
53.6433
53.4047
53.1622
52.9228
52.7098
52.5111
52.3002
52.1039
51.923
51.7451
51.5612
51.4042
51.2451
51.084
50.9271
50.788
50.6443
50.5168
50.3864
50.258
50.1339
50.0214
49.9101
49.7971
49.6969
49.5939
49.4926
49.3958
49.307
49.2139
49.1209
