14652
14248.1
14108.1
13893.1
13743
13615.5
13445.9
13472.8
13304.2
13122.8
13019.8
12863.8
12720.8
12569.9
12418.2
12325.3
12069.4
11924.2
11790.8
11646.3
11500.2
11347.6
11184.4
11007.3
10848.5
10700.3
10555.6
10393.1
10243.2
10103.5
9948.17
9804.37
9650.02
9504.11
9348.44
9201.15
9068.36
8922.3
8780.2
8629.86
8488.65
8355.08
8216.25
8072.4
7932.88
7798.48
7662.15
7527.48
7394.27
7261.25
7127.79
6996.09
6867.24
6740.2
6615.8
6494.29
6370.35
6248.48
6128.5
6008.56
5897.69
5781.4
5668.56
5558.4
5446.73
5337.92
5232.53
5126.55
5022.53
4919.8
4819.66
4720.46
4622.51
4525.56
4431.34
4337.71
4245.06
4155.75
4066.86
3979.73
3894.21
3811.2
3729.6
3649.88
3570.39
3493.44
3417.06
3342.47
3269.45
3197.73
3127.41
3058.67
2990.84
2924.41
2859.67
2796.38
2734.65
2673.53
2613.76
2555.34
2498.19
2442.23
2387.93
2334.72
2282.91
2232.09
2182.75
2134.12
2086.63
2040.45
1995.35
1951.2
1908.29
1866.4
1825.44
1785.56
1746.86
1708.98
1672.28
1636.25
1601.32
1567.48
1533.87
1504.41
1472.54
1441.7
1411.85
1382.81
1354.17
1326.56
1299.93
1273.74
1248.52
1224.2
1199.83
1176.94
1154.12
1132.25
1111.33
1090.66
1070.82
1051.62
1032.99
1014.55
997.073
980.872
964.239
948.178
932.714
917.66
903.173
889.11
875.465
862.395
849.594
837.388
825.582
814.061
803.08
792.304
782.049
772.137
762.513
753.24
744.302
735.679
727.368
719.413
711.656
704.241
697.088
690.206
683.542
677.177
671.021
665.069
659.403
653.883
648.634
643.54
638.665
633.947
629.422
625.115
620.915
616.897
613.041
609.359
605.768
602.359
599.076
595.917
592.882
589.93
587.193
584.498
581.934
579.442
577.013
574.74
572.537
570.424
568.346
566.427
564.572
562.744
561.002
559.348
557.739
556.18
554.704
553.267
551.892
550.518
549.286
548.017
546.877
545.668
544.573
543.514
542.491
541.437
540.496
539.558
538.625
537.736
536.913
536.047
535.224
534.473
533.673
532.907
532.204
531.463
530.795
530.117
529.436
528.749
528.142
527.475
526.887
526.282
525.655
525.082
524.527
523.97
523.388
522.87
522.324
521.817
521.291
520.795
520.279
519.771
519.301
518.865
518.345
517.901
517.478
517.049
516.62
516.177
515.778
515.412
515.019
514.62
514.21
513.867
513.511
513.164
512.828
512.482
512.148
511.839
511.529
511.218
510.919
510.629
510.358
510.09
509.823
509.54
509.303
509.063
508.823
508.583
508.367
508.138
507.92
507.723
507.523
507.32
507.136
506.938
506.738
506.568
506.404
506.253
506.07
505.924
