-23.4002
-23.3949
-23.2879
-23.1589
-22.9453
-22.7005
-22.4137
-22.1222
-21.846
-21.5491
-21.3188
-21.0812
-19.7634
-19.7029
-19.6659
-19.6104
-19.6038
-19.5688
-19.5462
-19.4851
-19.4963
-19.4634
-19.4486
-19.4228
-19.3905
-19.3856
-19.3743
-19.3637
-19.3725
-19.3637
-19.3751
-19.3767
-19.4003
-19.4216
-19.4615
-19.4982
-19.5307
-19.5867
-19.6256
-19.6737
-19.7337
-19.7944
-19.8599
-19.9273
-19.9999
-20.0739
-20.1517
-20.2372
-20.3212
-20.4119
-20.4966
-20.5904
-20.6791
-20.7795
-20.8655
-20.9657
-21.0707
-21.1667
-21.8421
-21.9063
-21.982
-22.0675
-22.1593
-22.2541
-22.7059
-22.8924
-23.0309
-23.1136
-23.2065
-23.3162
-23.4082
-23.5067
-23.9228
-24.132
-24.2171
-24.3093
-24.4089
-24.5214
-24.6244
-24.753
-24.8667
-25.0063
-25.1347
-25.2747
-25.3854
-25.5169
-25.6302
-25.7657
-25.8988
-26.0541
-26.1825
-26.321
-26.4793
-26.607
-26.7377
-26.8839
-27.0886
-27.2295
-27.382
-27.5281
-27.6788
-27.8414
-27.9914
-28.1439
-28.2916
-28.4297
-28.603
-28.8167
-28.9557
-29.1403
-29.3019
-29.5067
-29.6358
-29.7815
-29.928
-30.085
-30.2296
-30.4037
-30.6092
-30.7609
-30.9607
-31.1492
-31.2781
-31.4184
-31.5572
-31.7478
-32.6636
-32.7759
-32.9238
-33.0541
-33.2092
-33.3697
-33.5236
-33.6557
-33.7936
-33.9588
-34.1372
-34.296
-34.4563
-34.6219
-34.7738
-34.9419
-35.1151
-35.3015
-35.4295
-35.5979
-36.3832
-36.5014
-36.636
-36.7952
-36.9121
-37.0725
-37.2247
-37.3711
-37.5364
-37.6556
-37.8194
-37.9816
-38.1101
-38.2768
-38.4357
-38.5681
-38.7353
-38.8586
-39.0357
-39.2117
-39.3438
-39.5168
-39.6757
-39.8358
-39.9869
-40.1552
-40.3412
-40.4911
-40.6457
-40.826
-40.9964
-41.1674
-41.3295
-41.4651
-41.618
-41.7427
-41.8729
-42.0302
-42.2034
-42.3646
-42.4935
-42.6211
-42.7688
-42.925
-43.065
-43.1625
-43.2908
-43.4312
-43.567
-43.6799
-43.8049
-43.9366
-44.0546
-44.1471
-44.2487
-44.3641
-44.4757
-44.5499
-44.6478
-44.7174
-44.7857
-44.8792
-44.9504
-44.9793
-45.0391
-45.1072
-45.1703
-45.22
-45.2422
-45.2656
-45.2962
-45.3274
-45.3229
-45.3319
-45.3402
-45.3111
-45.2982
-45.2546
-45.2227
-45.1616
-45.1056
-45.0553
-44.9916
-44.9032
-44.8031
-44.7124
-44.579
-44.459
-44.3388
-44.2197
-44.0668
-43.9138
-43.7371
-43.5704
-43.4049
-43.2094
-43.0194
-42.7873
-42.5654
-42.342
-42.0961
-41.8384
-41.5759
-41.2897
-41.0071
-40.7191
-40.4219
-40.1074
-39.7738
-39.4421
-39.1007
-38.7601
-38.4021
-38.0359
-37.6619
-37.2802
-36.8933
-36.4994
-36.103
-35.6991
-35.2925
-34.8766
-34.4615
-34.0414
-33.6215
-33.1896
-32.7587
-32.3265
-31.8949
-31.4443
-31.0493
-30.5939
-30.1376
-29.7086
-29.2147
-28.7974
-28.3795
-27.8941
-27.4754
-27.0376
-26.6171
-26.1622
-25.7316
-25.2969
-24.8666
-24.4503
-24.0141
-23.5935
-23.1785
-22.76
-22.348
-21.94
-21.5286
-21.1334
