-91.8948059315479
-92.5247625422999
-93.1800071765971
-93.8297284688935
-94.3976298228416
-94.925604933174
-95.3525991708539
-95.5820960761515
-95.8273231246318
-96.0984893068289
-96.4102051771411
-96.7665008720162
-100.615317513768
-100.474655781479
-100.479554375808
-100.457202488582
-100.555237944281
-100.458448093398
-100.474772071379
-100.370386408831
-100.552325467168
-100.425879489365
-100.471672435114
-100.361162371279
-100.145576284631
-100.247705714388
-100.115215945313
-99.9653952180327
-99.9765738021521
-99.9630742736567
-100.027959522106
-99.9111541741748
-99.9079142112733
-99.9089636805923
-100.00798542002
-100.110476681297
-100.167532544281
-100.35430987406
-100.541403140494
-100.759216180548
-101.03199424302
-101.232113639622
-101.4927816905
-101.776555262073
-102.082946702669
-102.314675325875
-102.569704472619
-102.857657036132
-103.233589579885
-103.539418849882
-103.744375139755
-104.001637328866
-104.1235592235
-104.402441315957
-104.496523870265
-104.671297821654
-104.891300610364
-104.986224073671
-117.108681300602
-117.07893743902
-116.945829273428
-116.862566616501
-116.829794060735
-116.783539838692
-125.647583915648
-131.587624021691
-136.271582474414
-135.945088891201
-135.734329181575
-135.674888244047
-135.415407473115
-135.155649632814
-142.021361692197
-146.254002864108
-145.791591851526
-145.334489203044
-144.900123958954
-144.573039749169
-144.284615250952
-144.050380269084
-143.759265908512
-143.703377219049
-143.407169520063
-143.306094869594
-142.826478176081
-142.607103781603
-142.124849076486
-141.850447690009
-141.568341966785
-141.472637466448
-141.064888761452
-140.761681617434
-140.674283653942
-140.197117838515
-139.786021001061
-139.48839403645
-139.468220585608
-139.135398542089
-138.841365107344
-138.460495035978
-138.121501634639
-137.787989496446
-137.360984147108
-136.979502262299
-136.512549275516
-135.989906516188
-135.656108521304
-135.513958181154
-134.898400797599
-134.553980678621
-134.12367546729
-133.872818393036
-133.233064194043
-132.631634270421
-132.062326872757
-131.47782880331
-130.844366822458
-130.341316520621
-129.952822306416
-129.308496122454
-128.852750756764
-128.295499024647
-127.531843992399
-126.819465980338
-126.039311367323
-125.496864298033
-128.675529697861
-127.801369807726
-127.001254798641
-126.150481238303
-125.387144543835
-124.636124946196
-123.85164427222
-122.945060607769
-122.077613198522
-121.279146167865
-120.544080304458
-119.744918249766
-118.90380021429
-118.115571248748
-117.292294339668
-116.471232208813
-115.614214085015
-114.844203321402
-113.918160097189
-113.04540370443
-113.713153094475
-112.779745074317
-111.851514666768
-111.022579527555
-110.050744261943
-109.193931130584
-108.298005456403
-107.386634522914
-106.508717506893
-105.518238992578
-104.671963292395
-103.720928592848
-102.78487257467
-101.921811624113
-101.009006379335
-100.070304430661
-99.2109419022382
-98.2032454862701
-97.3709239400928
-96.4560132869755
-95.5136256507413
-94.6356512027894
-93.7206505331519
-92.8041399400946
-91.860806531327
-90.9859153061847
-90.1450571548372
-89.2231261096674
-88.310140158925
-87.4174062032795
-86.5331791740914
-85.6496620871445
-84.745660336684
-83.7868864972839
-82.9072310596708
-81.9743100951122
-81.0521489987213
-80.1766245512858
-79.2977743477834
-78.4174813519174
-77.5001923296365
-76.5792316239073
-75.6880201343805
-74.8102488047469
-73.912675236717
-72.9690468822032
-72.0754545336907
-71.1847459509073
-70.3268956009986
-69.4157856491687
-68.5321611595241
-67.6626436696794
-66.7538151776474
-65.8565080861672
-64.9650813532584
-64.1009336658216
-63.2221882175075
-62.3435842122816
-61.4753790022162
-60.5779115666995
-59.7091490960853
-58.8476039582779
-57.9934394491342
-57.077603827848
-56.2372761806034
-55.388768346699
-54.560943286788
-53.7067157584167
-52.8521055510901
-52.01309593135
-51.1903372303081
-50.3677554194421
-49.527400291672
-48.7125998538171
-47.9130397543557
-47.0882593463271
-46.2907981489021
-45.4801266903449
-44.6876744820801
-43.8826208657263
-43.1062519636177
-42.3414200245347
-41.5757418689617
-40.8118284769047
-40.0495035058617
-39.3028233531892
-38.5500162197728
-37.8134748678615
-37.0953640344491
-36.3868203117115
-35.6782085841927
-34.9794327578926
-34.2764614734569
-33.6005720809686
-32.9342579427102
-32.2644385938545
-31.6147998827808
-30.952622378061
-30.3152170172171
-29.6873865407034
-29.0636200657505
-28.4475783190141
-27.8420242583755
-27.2397552933418
-26.6537694306138
-26.0790398308804
-25.5120524153124
-24.9513784454683
-24.3966715264861
-23.8563343405299
-23.3235618625519
-22.8042071018518
-22.2898007185194
-21.7860120562623
-21.2922157502775
-20.8043193490961
-20.3288633281795
-19.8626362156476
-19.4048665670989
-18.9548715128965
-18.515121704639
-18.0838618482121
-17.6633635959783
-17.2531189063849
-16.8534780811527
-16.4534328585162
-16.0659727962302
-15.6888318061686
-15.3219389609575
-14.9574622596208
-14.6074307272213
-14.2586859704109
-13.9205247311292
-13.5881099392739
-13.2643064184633
-12.9436527098401
-12.6407596803919
-12.3335408885643
-12.0411441561483
-11.7499486024868
-11.4702702390415
-11.1946251304423
-10.9239289665052
-10.659221687614
-10.4053613574622
-10.1551287583437
-9.90776128709071
-9.66803978591409
-9.43570040628527
-9.20461123574917
-8.98322656459378
-8.76417978116919
-8.54974831478899
-8.34265717102093
