212.354333291796
213.864337273635
216.487392204649
219.35559171458
222.978506257509
226.921400718555
231.185829832545
235.128921032036
239.02866904781
243.348467940411
247.039848878074
251.021455333974
280.030929087491
280.570083703864
281.15565296369
281.954638770438
282.332660432634
282.606979686748
283.006569086663
283.67164919523
284.009292980256
284.170698638666
284.534202763202
284.629399592673
284.529347997037
284.89731114737
284.700101222714
284.442192313135
284.334383942187
284.435588282759
284.439277419354
284.081781521773
283.699158276779
283.365864820147
283.01807552916
282.731492909162
282.383440649395
282.034795616961
281.954351962406
281.817116759578
281.649323491604
281.269265637137
280.985000086703
280.736617232213
280.472114079992
279.983120342925
279.503154124242
278.999808467743
278.759624234665
278.232217532817
277.527139723058
276.832699674217
275.859285054229
275.13787207011
274.144550783033
273.166726685976
272.246600662463
271.137937719444
292.169799123787
291.150495258294
289.713096858858
288.266771307072
286.864994847274
285.398718018748
300.283359141262
311.626844325591
320.554963982652
318.509283491649
316.592719832007
314.788538901856
312.803711403638
310.73734010629
320.145415572509
326.465624663954
324.142234436363
321.740961173877
319.298704033825
316.922843068601
314.7906817647
312.426402918083
310.174741662576
308.084439361744
305.659492525987
303.513192314975
300.989784038956
298.755197556499
296.236634518734
293.88059389171
291.564034148205
289.368109591031
286.902880793691
284.547009452273
282.404422632597
279.88176284598
277.47857274516
275.138233363035
272.678571990328
270.38568735888
268.058227809051
265.661944123339
263.319377376965
260.881086013393
258.432009617884
256.067409814238
253.620386732415
251.196758240863
248.779909287016
246.328877466846
243.807534303701
241.346159454708
238.98700860119
236.554858281341
234.191772804823
231.761378214226
229.403925907891
226.948073481948
224.546218939064
222.128528837858
219.657716401216
217.253970749787
214.780554779559
212.265554329987
209.933756201566
207.613682442805
205.217309733003
202.81807630574
200.713105653255
198.492215979037
196.135358486354
193.853733209718
191.544507120782
189.238289950517
186.952066680386
184.657480314641
182.401432592379
180.082918959
177.794100969499
175.565813156653
173.289099179955
171.078331452531
168.926272096843
166.697674860091
164.410266049612
162.191281268361
160.12376133501
157.912376735652
154.331490024921
152.405289662045
150.410661682441
148.432868445799
146.509379670356
144.524386085011
142.549705359797
140.602812798472
138.622427189964
136.743520957687
134.847977832504
132.844648261935
131.038828790587
129.162890972055
127.278653949747
125.499148663068
123.679262299185
121.884720748597
120.090004563463
118.217461171279
116.513010415361
114.733665723814
112.984535577409
111.245574019731
109.526292845207
107.838212391971
106.140584582671
104.499723593981
102.867043415814
101.181178529857
99.5576685445405
97.9492144397186
96.3638520561491
94.8201659779778
93.3215941677936
91.8680132604945
90.4200975596083
88.9508312471679
87.4428322933791
85.9847297339573
84.595884237174
83.2177599127251
81.8249593775494
80.4350053320808
79.0815810688658
77.806129309347
76.5092242658483
75.1936957457524
73.935738558063
72.6905071086223
71.452443752226
70.2220542823264
68.9939023441093
67.8469532278834
66.691548757354
65.5398169315413
64.3899692004124
63.3308687100228
62.2358476299944
61.1784554222901
60.1574812224669
59.0962722105183
58.093934376143
57.1188610887965
56.1605732082262
55.1818911799488
54.2375610062427
53.2958533685749
52.4071522872254
51.5330943436951
50.6637808452679
49.7953961109585
48.9722828869401
48.1514843680015
47.3474136753796
46.5796638177331
45.8114411008604
45.0777204428105
44.3416293461759
43.6357787596935
42.9476486202575
42.2597657200786
41.5879343007737
40.9499634155113
40.3257183268193
39.6993835488412
39.1207384702188
38.5343904930077
37.9615682683382
37.3916570696354
36.8597690366182
36.3314905582756
35.8218010415253
35.3205967655082
34.8210356423101
34.3468434170215
33.8797159501334
33.4406570439511
33.0075343847284
32.5780050167726
32.169747377213
31.7740018219858
31.385807035761
31.0176066782861
30.6539816146235
30.2992443882575
29.9533562695126
29.6229484466185
29.3090366281245
28.9997060983875
28.6989200447284
28.4031948637094
28.1206121229373
27.8488391622415
27.5868015915879
27.3291596405895
27.0820989730154
26.8434001491026
26.6077876555547
26.3793693664118
26.1571035833941
25.9451829057877
25.7373857787902
25.5389755542807
25.3458844362966
25.1534445635245
24.9690183137181
24.7918832999381
24.6206090031642
24.4617070140663
24.2635323322766
24.1159807432169
23.977885162166
23.8141864418713
23.7193898936527
23.5469478813508
23.3986021322338
23.2998067157243
23.1550903442603
23.0232089657137
22.8885356430541
22.7884215414071
22.6662478947167
22.5529159536921
22.4506922401211
22.3347170320436
22.2384661064568
22.1361135881614
22.037973746305
21.9397682248177
21.8512091422689
21.7576778405542
21.6730686799023
21.5830321275027
