231.385
233.021
235.689
238.581
242.137
245.976
250.078
253.814
257.522
261.636
265.186
269.027
297.558
298.018
298.571
299.316
299.705
299.931
300.313
300.905
301.284
301.394
301.752
301.805
301.639
302.02
301.79
301.497
301.399
301.49
301.515
301.139
300.777
300.463
300.168
299.932
299.623
299.357
299.344
299.288
299.222
298.932
298.753
298.616
298.472
298.092
297.729
297.356
297.261
296.873
296.284
295.724
294.856
294.28
293.385
292.534
291.754
290.754
314.766
313.809
312.426
311.054
309.743
308.368
325.511
338.27
348.318
346.308
344.463
342.782
340.857
338.858
350.233
357.729
355.42
353.043
350.639
348.341
346.282
344.036
341.87
339.951
337.629
335.644
333.158
331.046
328.566
326.324
324.116
322.1
319.707
317.46
315.502
313.032
310.7
308.477
306.276
304.084
301.881
299.579
297.346
295.033
292.669
290.403
288.026
285.645
283.362
281.144
278.639
276.32
274.051
271.809
269.438
267.029
264.701
262.282
259.887
257.546
255.22
252.824
250.467
248.025
245.635
243.283
240.832
238.505
238.418
236.077
233.663
231.286
228.935
226.595
224.255
221.842
219.484
217.114
214.806
212.514
210.16
207.892
205.654
203.356
200.991
198.734
196.512
194.205
191.7
189.596
187.441
185.36
183.238
181.137
179.022
176.921
174.815
172.722
170.705
168.54
166.541
164.533
162.489
160.512
158.554
156.524
154.605
152.575
150.659
148.727
146.796
144.873
142.949
141.094
139.255
137.408
135.574
133.714
131.908
130.115
128.327
126.535
124.83
123.124
121.43
119.752
118.044
116.373
114.729
113.091
111.463
109.847
108.245
106.669
105.112
103.544
102.041
100.511
99.0056
97.516
96.0012
94.5531
93.1033
91.6755
90.2392
88.868
87.4787
86.0958
84.7591
83.3991
82.0862
80.7491
79.4773
78.1854
76.9325
75.6628
74.4302
73.219
72.0227
70.8272
69.6509
68.4944
67.3605
66.2342
65.127
64.0347
62.9537
61.8851
60.8494
59.8221
58.8056
57.8144
56.8342
55.8637
54.923
53.9885
53.0768
52.1741
51.2989
50.4335
49.579
48.7498
47.9288
47.1243
46.3393
45.5669
44.8164
44.0757
43.3542
42.648
41.9553
41.2807
40.6213
39.977
39.3455
38.731
38.1342
37.5514
36.9813
36.4249
35.8832
35.358
34.8481
34.3468
33.863
33.393
32.9321
32.4832
32.0469
31.6256
31.2155
30.8206
30.4377
30.0568
29.6912
29.339
28.9989
28.6723
28.3213
28.0159
27.7258
27.4181
27.1763
26.87
26.5948
26.3628
26.0988
25.8482
25.6018
25.3896
25.1613
24.945
24.7448
24.535
24.3457
24.1553
23.973
23.7924
23.6257
23.4565
23.2985
23.1393
