-25.9613
-26.0145
-26.0847
-26.1355
-26.1484
-26.2815
-26.3279
-26.3646
-26.373
-26.4255
-26.4656
-26.5224
-26.5506
-26.5872
-26.6043
-26.6406
-26.6512
-26.6877
-26.8129
-26.8343
-26.8123
-26.8299
-26.8649
-26.8531
-26.8506
-26.8486
-26.8334
-26.7814
-26.8129
-26.7878
-26.7574
-26.7323
-26.6996
-26.6654
-26.7001
-26.7364
-25.8393
-25.9166
-25.9391
-25.9715
-26.0315
-26.089
-25.1628
-25.0265
-25.1742
-25.1119
-25.0885
-25.0933
-25.6569
-25.6367
-25.5897
-25.5956
-25.5575
-25.5378
-25.4977
-25.4624
-25.4386
-25.3917
-25.3372
-25.3087
-25.2504
-25.2277
-25.1872
-25.1178
-25.0806
-25.0413
-25.0059
-24.9601
-24.9079
-24.843
-24.812
-24.7605
-24.722
-24.6824
-24.8756
-24.8259
-24.7667
-24.7154
-24.6698
-24.6187
-24.5693
-24.5323
-24.4652
-24.4536
-24.4176
-24.3774
-24.3446
-24.3105
-24.2696
-24.2241
-24.1877
-24.1638
-24.1451
-24.1148
-24.0895
-24.0611
-24.0289
-24.0103
-23.9748
-23.9586
-23.9515
-23.9391
-23.9224
-23.9127
-23.9084
-23.8928
-23.8904
-23.8812
-23.8849
-23.8804
-23.902
-23.8892
-23.8943
-23.9011
-23.9115
-23.9373
-23.9566
-23.9855
-24.0205
-24.0349
-24.0634
-24.0929
-24.1247
-24.1679
-24.2153
-24.2605
-24.3056
-24.3522
-24.404
-24.4504
-24.5142
-24.5722
-24.6372
-24.7012
-24.7716
-24.8403
-24.9223
-24.9903
-25.0681
-25.1552
-25.2286
-25.2923
-24.8913
-24.8949
-25.1331
-25.5774
-25.6506
-25.7338
-25.835
-25.9347
-25.6265
-26.0471
-26.1349
-26.2152
-26.3118
-26.3946
-26.4843
-26.5811
-26.6734
-26.7748
-26.8802
-27.1162
-27.2022
-27.2957
-27.3913
-27.4805
-27.5733
-27.832
-27.8931
-27.984
-28.0786
-28.1697
-28.2496
-28.3445
-28.4195
-28.5004
-28.5389
-28.6088
-28.6505
-28.7274
-28.7986
-28.8716
-29.1078
-29.1673
-29.2233
-29.2803
-29.3262
-29.3651
-29.4155
-29.4413
-29.482
-29.5105
-29.5321
-29.556
-29.5716
-29.5803
-29.5802
-29.5788
-29.5741
-29.5707
-29.5513
-29.5158
-29.4808
-29.4145
-29.3718
-29.3153
-29.2784
-29.2277
-29.1508
-29.0711
-29.0023
-28.9125
-28.8192
-28.715
-28.6061
-28.4907
-28.3618
-28.2362
-28.1016
-27.9607
-27.8153
-27.6642
-27.5102
-27.3428
-27.1673
-26.9873
-26.8044
-26.6126
-26.4164
-26.2152
-26.009
-25.7946
-25.5807
-25.3571
-25.1304
-24.8982
-24.6722
-24.4323
-24.1857
-23.9421
-23.6956
-23.4441
-23.1763
-22.923
-22.6672
-22.4064
-22.1512
-21.8918
-21.6279
-21.3606
-21.0979
-20.8351
-20.5493
-20.2887
-20.0293
-19.7722
-19.5107
-19.2517
-18.9916
-18.7336
-18.4776
-18.2209
-17.9665
-17.7145
-17.4648
-17.2138
-16.9666
-16.7225
-16.4806
-16.2425
-16.0099
-15.774
-15.5418
-15.3154
-15.0927
-14.8708
-14.653
-14.4365
-14.2256
-14.0148
-13.8122
-13.6077
-13.4138
-13.2163
-13.0277
-12.8405
-12.659
-12.4798
-12.3031
-12.1307
-11.9644
-11.8011
-11.6402
-11.4839
-11.3317
-11.1824
-11.0397
-10.8986
-10.7617
-10.6301
