-5806.01966768015
-5769.50133205001
-5736.44961740985
-5698.73428095555
-5654.23850195176
-5648.25626214722
-5616.18209666264
-5577.04421066543
-5523.65583388096
-5489.71418923608
-5449.17908937932
-5421.40113871153
-5379.05345115617
-5343.32121789114
-5298.54515707174
-5260.09331317302
-5216.23534533936
-5180.41281392951
-5197.73236355406
-5160.31404337662
-5107.45594699216
-5068.35934321886
-5033.99047158588
-4986.59258451742
-4939.82193775203
-4895.76310529563
-4847.51570557428
-4791.95572303786
-4758.42701951174
-4710.49532006595
-4661.78349674503
-4613.69502635682
-4566.32066584108
-4509.6049210489
-4454.18208797568
-4402.2830394559
-4020.64174929867
-4029.5185955183
-4016.45470851018
-4002.96270303731
-3998.52733629228
-3994.29587194785
-3684.63075967587
-3601.43156354779
-3591.39717157531
-3568.29674028813
-3557.6522905705
-3550.37104288498
-3719.74962102776
-3687.50291108649
-3651.19289776617
-3628.42443117272
-3594.33514566993
-3564.41846883257
-3530.73331378634
-3497.96031998834
-3468.89540236975
-3433.40577078522
-3395.33940372565
-3366.04968938805
-3329.93871943439
-3302.82129479633
-3271.4370147131
-3234.49225590447
-3201.87834046849
-3173.01200452276
-3144.48808169388
-3113.66075823087
-3082.20689026453
-3048.3985876479
-3021.960965566
-2990.97579573543
-2963.18919275844
-2935.22591432172
-2941.31591974289
-2913.00947125944
-2883.28080863866
-2855.45313938118
-2825.78038856643
-2798.86357255439
-2771.2556895388
-2746.47248754809
-2715.61023075636
-2695.96420140128
-2671.07756604302
-2646.32812711586
-2622.46815361175
-2598.78808188121
-2573.88264103567
-2548.11102279488
-2524.57110794311
-2503.42503256206
-2482.92252182127
-2460.71274902253
-2439.13411194257
-2417.59754480248
-2395.51777696269
-2375.57675974986
-2352.12590833899
-2332.90508579226
-2314.73312532369
-2295.99917560596
-2276.88492099282
-2258.31050813548
-2241.32412535762
-2221.96429819366
-2204.82567788311
-2185.85708492883
-2170.0203655118
-2152.66910561361
-2138.94332046693
-2119.9978080861
-2104.42435314002
-2087.4447102141
-2071.54758448206
-2058.41582120991
-2044.62510252006
-2031.63287103894
-2019.5721684427
-2004.27269076137
-1991.24601229988
-1978.40901115247
-1965.78640917504
-1954.52857241683
-1943.41441018902
-1931.95279472933
-1920.79270940871
-1909.44794999106
-1898.64746713254
-1887.51600721144
-1877.7811981151
-1867.21120126084
-1857.40642540301
-1847.43684480642
-1837.73050759681
-1828.42280960368
-1819.70437042389
-1809.86041448699
-1800.65363975294
-1792.16592323236
-1782.07989971848
-1770.50592527202
-1684.59826499027
-1670.04243677172
-1683.04786117693
-1724.43320483667
-1713.55482451716
-1703.81591373312
-1696.2034269342
-1687.77265105665
-1624.92603662845
-1646.9868874278
-1638.00040140861
-1627.92776560395
-1619.30656414328
-1609.65161342849
-1600.44350014151
-1591.57614821205
-1582.40075721189
-1573.64742781799
-1565.32071667569
-1564.19362424455
-1553.97478547328
-1544.25486274273
-1534.56511121783
-1524.31073391116
-1514.36343121182
-1515.08827649686
-1502.64402150368
-1492.45450621217
-1482.28234453572
-1471.93156657136
-1460.75910992766
-1450.60384354045
-1439.13097662832
-1427.94457982362
-1413.58718359957
-1401.59757724247
-1387.78417518229
-1376.56129865624
-1365.12324869157
-1353.63163206668
-1352.19222959099
-1339.9221455545
-1327.51897285442
-1315.35336143359
-1302.60732530882
-1289.52404145415
-1277.17368628337
-1263.55574667102
-1250.94713816447
-1237.83165681791
-1224.40596016994
-1211.15537537665
-1198.17518022581
-1184.54545261947
-1170.74947074932
-1157.03566809413
-1143.17246615507
-1129.98018352533
-1115.89069882897
-1102.3741116323
-1087.98053926866
-1072.89032246111
-1058.79797111442
-1044.17808584556
-1030.85174587009
-1017.0759695554
-1002.67675920106
-988.158964124419
-974.625178026636
-960.366664421396
-946.408285022761
-932.170333678024
-918.166626878919
-904.24127508228
-890.182511532982
-876.322803342237
-862.524382733239
-848.848757239078
-835.310874978033
-821.842135199459
-808.595068486224
-795.213578444504
-781.842301846025
-768.580112861712
-755.58722223282
-742.62545857393
-729.737804165742
-717.056321108574
-704.408656168547
-691.81725665029
-679.581600589896
-667.239815608523
-655.166329240443
-643.160248773507
-631.557514878894
-619.872383492992
-608.229652670904
-596.943183570322
-585.788638567558
-574.708290721856
-563.19070251695
-552.54745656846
-542.018538771164
-531.661002495147
-521.54595976471
-511.549588654041
-501.648394990188
-491.835761180113
-482.385898143982
-473.025386802265
-463.242661778669
-454.2745882774
-445.531682496518
-436.995248311725
-428.483351197895
-420.223130908584
-412.039345994961
-404.052339735637
-396.221230602114
-388.500414017934
-380.973854806036
-373.593879289278
-366.344260897757
-359.215615435859
-352.243068616629
-345.447970317486
-338.806102850415
-332.335119153479
-326.05759165808
-319.761445901713
-313.625314134393
-307.71676482729
-301.95661015283
-296.26294928797
-290.734520271863
-285.266890516674
-280.006570951231
-274.800427457313
-269.814665067634
-264.818282990417
-260.119315576106
-255.365858104659
-250.876756062378
-246.381642169622
-242.112596525836
-237.94048506728
-233.822641862205
-229.836994693288
-225.998556128957
-222.258552635805
-218.592378130055
-215.049839116368
-211.612390309717
-208.24721005204
-205.056118567744
-201.911291267892
-198.85988708053
-195.943440392755
