11924.5399084623
11821.6366776971
11717.4694143795
11614.3438904254
11517.1011545027
11437.67419046
11349.5638800408
11252.3336171784
11140.5112234059
11046.6102660726
10945.8150492264
10863.0109170146
10764.893867085
10676.3225786052
10578.9670624533
10485.598663725
10393.3730824998
10305.6152866908
10284.0071317975
10200.5074003076
10105.6530095553
10020.6488721043
9937.62104036889
9849.0839495882
9757.76310602506
9671.57027720039
9582.56566344372
9494.11703943261
9414.81668966426
9330.13167536433
9245.8377548752
9160.44284375872
9079.27596159036
8979.85664785644
8856.1168042013
8739.1299076578
8302.55875880421
8292.35081812583
8257.21641911403
8217.66182018902
8186.76941561953
8157.33594410212
7843.45326504534
7713.97801306056
7641.03657350237
7613.38112439861
7598.7443367308
7581.53836940392
7743.97103540966
7683.77785472281
7624.14444460504
7574.59870642458
7516.25885806908
7460.28836600471
7403.10111165715
7346.02882302316
7292.79272846267
7233.43990353405
7170.84223903357
7118.13551575626
7060.35259836304
7010.05365173762
6956.19086155383
6899.32105796607
6841.30750755576
6791.76028575468
6741.56391548617
6689.42538096907
6637.64971772433
6584.35680799015
6536.52702595158
6484.80207548579
6435.92476680854
6386.8059178195
6343.59516699064
6296.85306962556
6249.52792096619
6203.80756607571
6152.22693161536
6107.98058005492
6061.52623549538
6017.59167387929
5968.46673803343
5928.47179357064
5883.5531489298
5839.91989538687
5796.08929200475
5752.86639596925
5708.59200071044
5663.4317761505
5620.65227967706
5579.79931018506
5538.94162730866
5497.18224245822
5455.43458932083
5414.46632711526
5373.12549861398
5333.0523930425
5289.22080848592
5249.99656769265
5210.84214954063
5171.6855104711
5132.66447928905
5093.11918616135
5055.83410546568
5015.84903066797
4977.72344742527
4937.03973129308
4900.41557272075
4862.26380116677
4826.34510973158
4786.48258069641
4750.17923383015
4710.34258280639
4672.1808498951
4636.9272439184
4601.68081368589
4566.23178532519
4531.66905222035
4494.30064667109
4459.12598828513
4424.25952179466
4389.49283840431
4355.5480228906
4321.20663731436
4286.67821107878
4252.9759298146
4218.70639300425
4184.76851344865
4151.29553153237
4117.71006842461
4083.57661594417
4049.97822450586
4016.39419536376
3982.39619103223
3949.77101004868
3916.22557148592
3882.97433452411
3849.56185611356
3816.2890516973
3782.21092370843
3746.83742597363
3630.59972975427
3598.63717430385
3587.52577509734
3602.816023565
3568.37410787798
3534.92985878218
3503.30226548562
3470.47988796149
3387.46067082512
3369.79001426511
3338.42618450449
3306.17170498989
3274.71976746446
3243.3896475581
3212.19700442778
3180.92450379485
3149.89592597521
3118.69998650428
3088.06010155986
3054.57235538343
3023.42235324694
2992.49000355815
2961.57677783862
2930.60844798196
2900.00078039789
2869.73452279506
2838.82734676473
2808.79063108787
2778.56539593325
2748.63007822639
2718.65042996766
2689.05826006163
2659.45329137566
2629.902969798
2599.29372916241
2569.77262690068
2540.04684931472
2511.48860061953
2483.29370076956
2454.97477982331
2428.63185154394
2400.72469880505
2373.04895305839
2345.82165977411
2318.7338659173
2291.79943470448
2265.18510501137
2238.67556773076
2212.66321375805
2186.92483478043
2161.30402433353
2135.83641047161
2111.60612262108
2086.84743828545
2062.55104963251
2038.50697893286
2014.46720636622
1991.49543118734
1968.21624824789
1947.18657924784
1924.50354862564
1902.94738486625
1881.2280283804
1859.53976766831
1838.57996849106
1817.77900005829
1797.70192550324
1777.48048589023
1758.10392035185
1738.8045036657
1720.14462012363
1701.58623205249
1683.61020883273
1666.0500895344
1648.98491883972
1631.85860209836
1615.25606130751
1599.09742424709
1583.28309425176
1567.75792675744
1552.62175974052
1537.87830492451
1523.43859001409
1509.2503279819
1495.52307344236
1482.1745593478
1468.99135626162
1456.27549933323
1443.67617377126
1431.43700731149
1419.62320991863
1407.923474258
1396.70073169939
1385.68413547157
1374.86129693144
1364.45594424397
1354.27624867005
1344.41102196796
1334.74225520329
1325.27295715847
1315.5249342747
1306.5995504131
1297.82342220672
1289.4974286232
1281.12738642693
1273.04600810335
1265.21886225418
1257.56180222857
1250.26871322601
1242.95381645521
1235.75624991671
1228.80853127955
1222.14327813551
1215.65135999306
1209.28190272005
1203.21954785874
1197.21931029868
1191.42009033512
1185.72077881774
1180.17963832117
1174.85383276143
1169.6023109406
1164.38941858266
1159.44949610884
1154.54187754777
1149.79738419581
1145.21401627439
1140.74594782416
1136.3568678114
1131.97337893382
1127.70094100081
1123.63637033705
1119.66812693986
1115.72601340078
1111.92936593216
1108.11009325561
1104.49981159986
1100.95272285838
1097.4796909804
1093.98428388803
1090.70124496317
1087.36635087466
1084.27477129537
1080.91569329055
1077.93433691646
1075.07372475842
1072.12877074192
1069.29808485303
1066.4975785381
1063.78965654881
1061.11871730898
1058.52614006269
1055.9756517872
1053.42347401486
1051.03363920378
1048.64846281227
1046.25926299857
1043.98096355587
