13262.9
13154.4
13046.3
12937.1
12830.2
12756.3
12663.1
12558.6
12434.7
12335.5
12227.2
12140.7
12034
11938.8
11831.7
11731
11628.9
11534.4
11522.9
11431.5
11323
11229.5
11139.9
11039.5
10936.9
10840.1
10738.9
10634.9
10549
10451.8
10354.6
10256.7
10162.9
10048.6
9913.15
9785.32
9224.86
9219.55
9182.24
9140.77
9111.06
9082.76
8665.81
8513.27
8442.96
8408.11
8390.34
8371.67
8591.02
8522.8
8453.33
8398.81
8331.47
8268.07
8201.95
8136.33
8075.77
8006.93
7934.06
7873.89
7806.22
7749.16
7687.06
7619.88
7553.51
7496.4
7438.85
7378.57
7318.36
7255.79
7201.28
7141.33
7085.31
7029
6992.32
6938.01
6882.58
6829.41
6770.15
6718.71
6664.98
6614.72
6557.22
6512.68
6461.49
6411.53
6361.76
6312.62
6262.02
6210.26
6161.59
6115.66
6069.99
6022.8
5975.88
5929.69
5882.94
5838.22
5788.64
5744.99
5701.83
5658.44
5615.02
5571.34
5530.37
5485.97
5444.17
5399.29
5359.39
5317.48
5279.08
5234.96
5195.46
5152.16
5110.83
5073.28
5035.47
4997.8
4961.32
4920.96
4883.53
4846.46
4809.57
4773.99
4738.11
4701.92
4666.61
4630.71
4595.34
4560.26
4525.66
4490.22
4455.59
4420.91
4385.97
4352.45
4318.35
4284.05
4249.88
4216.15
4181.02
4144.09
4002.39
3967.27
3962.7
3994.24
3958.48
3924.12
3892.33
3859.12
3757.03
3750.74
3718.62
3685.23
3653.21
3620.85
3588.82
3556.88
3525.03
3493.23
3462.13
3431.78
3399.4
3367.45
3335.54
3303.33
3271.59
3245.13
3211.99
3180.68
3149.22
3117.94
3086.24
3055.37
3023.87
2992.56
2958.81
2927.15
2894.44
2864
2833.78
2803.43
2779.69
2749.34
2719.13
2689.43
2659.57
2629.68
2600.43
2570.65
2541.8
2512.94
2484.03
2455.34
2427.86
2399.6
2371.66
2343.98
2316.23
2289.74
2262.54
2237.58
2210.75
2184.56
2158.72
2132.65
2107.85
2082.97
2058.42
2033.69
2010.18
1986.39
1963.31
1940.19
1917.7
1895.62
1873.92
1852.27
1831.12
1810.43
1790.12
1770.11
1750.56
1731.31
1712.35
1693.68
1675.56
1657.81
1640.26
1623.24
1606.36
1589.85
1573.9
1558.03
1542.73
1527.67
1512.98
1498.66
1484.59
1470.98
1457.63
1444.52
1431.01
1418.63
1406.46
1394.8
1383.22
1371.98
1361.04
1350.32
1340.1
1329.92
1319.73
1310.09
1300.82
1291.81
1282.95
1274.49
1266.14
1258.07
1250.17
1242.48
1235.08
1227.82
1220.66
1213.82
1207.08
1200.57
1194.28
1188.17
1182.21
1176.27
1170.5
1165.01
1159.67
1154.39
1149.31
1144.24
1139.44
1134.73
1130.16
1125.58
1121.29
1116.95
1112.92
1108.64
1104.79
1101.09
1097.33
1093.72
1090.18
1086.76
1083.4
1080.15
1076.97
1073.81
1070.85
1067.91
1064.99
1062.21
