19987.6
19996.4
19977.1
19946.9
19913.6
19882.2
19861.3
19822.2
19786.3
19759
19728.1
19708.6
19687.9
19650
19623.2
19596.6
19562.6
19540.4
19508.7
19476.9
19452.7
19416.2
19384.2
19355.1
19322.8
19296.5
19266
19235.7
19210.2
19184.7
19162.9
19134.4
19102.5
19074.4
19052
19018.3
18999.1
19019.5
18997
18949.5
18922
18893.7
18856.4
18833.9
18801.8
18767.2
18733.9
18683.4
18648.4
18601.6
18559.2
18527.7
18492.9
18446.5
18439.4
18402.3
18362.2
18326.9
18285.9
18246
18206.6
18197.7
18145.8
18101.5
18056
18006.2
17962.8
17924.9
17870.9
17824.8
17784
17739.5
17694.4
17645.5
17601.2
17552.7
17503.8
17457.3
17409.9
17353
17301.2
17255.3
17210.8
17161.3
17107.9
17058.4
17006.9
16954
16910.3
16861.6
16806.3
16753.8
16703.1
16657
16607
16550.8
16497.9
16446.1
16397.8
16344.8
16290.7
16236
16182.8
16131.8
16078.4
16027
15976.1
15924.4
15875.4
15825.5
15773.7
15724
15674.1
15621
15567
15519.3
15472.9
15424.4
15375.5
15325.7
15277.9
15231.5
15165.1
15116
15107.9
15060.6
15015.7
14970.5
14923.3
14880.6
14862
14816.9
14771
14727.9
14683.7
14640.2
14600.2
14561.3
14523.5
14484
14443.8
14405.6
14369.7
14331.4
14291.2
14253.2
14218.3
14185.1
14148
14111.1
14075.2
14039.4
14004.1
13970
13935.4
13901.5
13867.8
13834.4
13799.4
13767.6
13736.3
13704.3
13672.6
13640.2
13610.3
13581.2
13551.7
13523.3
13495.1
13467.1
13440.2
13415.8
13392.3
13366.6
13340.6
13314.2
13288.4
13263.4
13239.5
13214.9
13189.6
13164.1
13139.6
13114.7
13090.1
13066.5
13043.7
13021.5
13000.2
12977.3
12954.5
12930.5
12909.9
12889
12868.5
12846.9
12826.1
12805.4
12784.7
12765.7
12746.8
12728
12709.1
12691
12673.3
12654.9
12637.5
12619.5
12601.9
12585.6
12571.8
12557.1
12541.4
12525.3
12509.3
12492.9
12476.4
12460.1
12444.5
12429.5
12414.8
12401.9
12390.8
12379.7
12365.5
12351.6
12337.7
12323.5
12310.2
12297.1
12284.4
12271.6
12260.3
12248.6
12235.9
12223.1
12210.2
12197.2
12183.6
12170.5
12157.3
12144.5
12131.5
12118.5
12105.9
12093.4
12081
12069
12057.7
12046.5
12036.2
12025.1
12013.8
12001.9
11989.9
11978.2
11966.7
11954.5
11941.8
11929.2
11915.6
11902.5
11889.5
11876.7
11864.3
11852.5
11841.1
11828.6
11815.2
11802.2
11788.9
11774.9
11760.5
11746.5
11732.6
11718.5
11703.9
11689
11674.2
11659.3
11644.4
11628.5
11612.9
11596.6
11580.3
11563.3
11546.6
11529.8
11512.6
11495.3
11477.5
11458.3
11439.1
11419.9
11400.1
11379.7
11359.8
11338.5
11316.7
11294.6
