-21.2424
-21.1363
-21.044
-20.9575
-20.8615
-20.7459
-20.6421
-20.531
-20.4339
-20.3514
-20.2959
-20.2304
-20.144
-20.0959
-20.0441
-20.0103
-19.9756
-19.9461
-19.9258
-19.925
-19.9189
-19.9248
-19.9385
-19.954
-19.976
-20.0116
-20.0352
-20.0834
-20.126
-20.1802
-20.239
-20.2948
-20.3498
-20.4261
-20.4965
-20.5771
-20.6411
-20.725
-21.1571
-21.2246
-21.3143
-21.714
-21.783
-21.8568
-21.9507
-22.0421
-22.1338
-22.2308
-22.3236
-22.4238
-22.522
-22.6208
-22.7222
-22.8072
-22.9064
-23.0193
-23.1236
-23.2278
-23.3304
-23.4401
-23.5401
-23.6439
-23.7542
-23.8696
-23.9927
-24.1008
-24.7933
-24.8807
-24.9666
-25.058
-25.582
-25.6641
-25.7593
-25.8598
-25.9461
-26.0506
-26.1493
-26.2568
-26.3658
-26.4809
-26.5914
-26.6967
-26.8028
-26.91
-27.0187
-27.127
-27.7793
-27.8633
-27.9566
-28.0499
-28.1391
-28.2408
-28.3525
-28.4582
-28.6059
-28.7124
-28.8137
-28.9286
-29.0286
-29.1356
-29.2489
-29.3506
-29.4686
-29.5796
-29.6855
-29.8216
-29.9462
-30.0305
-30.1333
-30.2459
-30.3456
-30.4602
-30.5566
-30.6894
-30.7908
-30.9134
-31.0099
-31.1166
-31.2069
-31.309
-31.4331
-31.5282
-31.6459
-31.7076
-31.7947
-31.8861
-31.9702
-32.07
-32.1677
-32.2662
-32.3351
-32.4198
-32.5217
-32.5887
-32.7026
-32.7575
-32.8547
-32.9335
-33.031
-33.0921
-33.1886
-33.2453
-33.3416
-33.4193
-33.5086
-34.1911
-34.2262
-34.2561
-34.3157
-34.3488
-34.4009
-34.4419
-34.493
-34.547
-35.0806
-35.1179
-35.1567
-35.1927
-35.5876
-35.6144
-35.6226
-35.6483
-35.6852
-35.7177
-36.1142
-36.1144
-36.1218
-36.5247
-36.5231
-36.5309
-36.5431
-36.8799
-36.8739
-36.8832
-36.8801
-36.9008
-36.9001
-36.9252
-36.9461
-36.9576
-37.3806
-37.3809
-37.3748
-37.3908
-37.404
-37.8047
-37.804
-37.8039
-37.8066
-37.793
-37.7941
-37.8006
-37.7972
-37.8087
-37.8129
-37.819
-37.8143
-37.8147
-37.8202
-37.8147
-37.8097
-37.8053
-37.8076
-37.7921
-37.8067
-37.7977
-37.7962
-37.7945
-37.7793
-37.7636
-37.7611
-37.7503
-37.7394
-37.727
-37.71
-37.6814
-37.65
-37.6256
-37.6011
-37.5626
-37.5296
-37.4914
-37.4428
-37.3942
-37.3364
-37.2946
-37.2303
-37.1641
-37.1013
-37.0246
-36.9545
-36.8684
-36.7789
-36.6914
-36.6019
-36.4964
-36.3931
-36.2716
-36.1529
-36.0337
-35.903
-35.7726
-35.6256
-35.48
-35.3279
-35.1753
-35.0071
-34.8383
-34.6633
-34.487
-34.3072
-34.1197
-33.9249
-33.7247
-33.5177
-33.3023
-33.078
-32.854
-32.6248
-32.3891
-32.1497
-31.9057
-31.6554
-31.4041
-31.1442
-30.8797
-30.6081
-30.3316
-30.0533
-29.7715
-29.4867
-29.195
-28.9006
-28.604
-28.3066
-28.0021
-27.6968
-27.3861
-27.0751
-26.7596
-26.4459
-26.1214
-25.8065
-25.4832
-25.1618
-24.8338
-24.5098
-24.1838
-23.8522
-23.5218
-23.1964
-22.8679
-22.5348
-22.2049
-21.8769
-21.5429
-21.216
-20.8852
-20.5534
-20.227
