-69.4509620969302
-69.2937993899359
-69.2437548720656
-69.1754864504768
-69.1209856443733
-68.9688531030035
-68.8726024145793
-68.7119100770251
-68.5900992328317
-68.5433475067112
-68.5453852862862
-68.5246833810302
-68.4715057590091
-68.4453426737208
-68.3461015304026
-68.2831436063159
-68.2775265903601
-68.2445964873865
-68.2120457778152
-68.2854145619923
-68.2772824735356
-68.3157685658077
-68.3635586627117
-68.3930388138257
-68.4424770495158
-68.5570596462837
-68.5609311729479
-68.6778636689973
-68.7548817972736
-68.8833451397949
-69.0462439109563
-69.1939059397218
-69.3265381077484
-69.5460721637057
-69.650119585243
-69.8517044907176
-69.9079148750745
-70.0539658810461
-75.0813523583357
-75.0712790577295
-75.2026075092265
-79.6224263389216
-79.5577428550575
-79.5017524424293
-79.571154640342
-79.5805225714773
-79.6139257214717
-79.6213256446953
-79.6127416090301
-79.6274593667461
-79.6052862335536
-79.56888560169
-79.5297156753087
-79.3768380643602
-79.3205387649358
-79.3356071208002
-79.2642176292754
-79.1938648543639
-79.1012065328681
-79.0257785739704
-78.8892684769525
-78.7571984475865
-78.6634899280273
-78.5883281499731
-78.5513057095454
-78.4198626359942
-82.7742731350976
-82.5253976712118
-82.2408338522636
-81.9824946252516
-85.2684533970737
-84.9363099787722
-84.6531991822828
-84.3767530621019
-84.018883027938
-83.7438838961202
-83.4267271428844
-83.1618789519929
-82.8922366939672
-82.6465721658804
-82.3710336497795
-82.0757889636365
-81.772748703649
-81.4744097075863
-81.1450849359338
-80.8260662292353
-83.6613614488964
-83.2112909855152
-82.8060130542897
-82.3894028838468
-81.9546804158738
-81.5579437008987
-81.1965613061376
-80.8092662520987
-80.5938974825906
-80.2141314423664
-79.7981640859961
-79.4320338392893
-79.0145697403136
-78.6089187654056
-78.2309536082372
-77.7999325566452
-77.4363150185563
-77.0332877775206
-76.6144367995153
-76.2889672653017
-75.9372628973549
-75.4334760328606
-74.991776742954
-74.5781114187103
-74.1311508431395
-73.7242431277307
-73.2533031132146
-72.9047577559792
-72.4504173313462
-72.0677161428886
-71.6046961045426
-71.166998624142
-70.6817422811773
-70.2332252909178
-69.8526717264673
-69.3881018291879
-68.9754866949494
-68.4027206374401
-67.9055110854464
-67.4315016594636
-66.9403297563248
-66.479807967397
-66.0244166997432
-65.5737738128539
-65.0514322264132
-64.5642198660072
-64.132569661121
-63.608667514579
-63.1985380157493
-62.6489345193156
-62.2004504072862
-61.712532181662
-61.2858646635653
-60.7540962729379
-60.3269507312926
-59.8014387323934
-59.379224868345
-58.8968280953724
-58.4539959880177
-59.5267583385873
-58.941467958848
-58.3506066455955
-57.8432504801634
-57.2692891192439
-56.7511074447411
-56.2073331123594
-55.6902043087034
-55.1908665668677
-55.8755927237121
-55.3325554820215
-54.7975127801557
-54.250176881448
-54.639758913915
-54.0729337483479
-53.4742678037599
-52.9203835105958
-52.3951784689963
-51.8640861672861
-52.1862348902924
-51.5825859354071
-51.0036277941002
-51.3372182418758
-50.7355531000249
-50.1642064810462
-49.6032033047929
-49.7745623391388
-49.1778198269382
-48.6199648210404
-48.0401422009282
-47.5150180382571
-46.9536312289545
-46.4463955043114
-45.9369356886003
-45.4094756202056
-45.6251703894692
-45.0780510949509
-44.5248992923997
-44.0197308981661
-43.5092105600097
-43.6530367955461
-43.1201142619511
-42.5926870452778
-42.0757583513167
-41.5363578815431
-41.0270249576224
-40.5310486914141
-40.0245378369031
-39.5380976213588
-39.0636878575242
-38.5835395400076
-38.0941898675241
-37.619617728753
-37.1441463350091
-36.6752447679896
-36.2031866748101
-35.7408492633609
-35.2833074369465
-34.8243355719197
-34.3979123175107
-33.9451422784983
-33.5096664017926
-33.0751127703872
-32.6361875115538
-32.1917395605067
-31.7785970835389
-31.3531445866124
-30.9378013722118
-30.5182591405266
-30.1060963070898
-29.6889633979051
-29.2753697590444
-28.8681215585688
-28.4667882155199
-28.0618411888888
-27.6678861762903
-27.2718025653804
-26.8757603815168
-26.4839102929556
-26.0902041461999
-25.7119362308301
-25.3266927278552
-24.9458829925193
-24.5702429257932
-24.1942211939105
-23.825809866041
-23.4515626342995
-23.0854809629329
-22.7221513488448
-22.3653936552244
-22.005265778149
-21.6526912716649
-21.2953692137674
-20.9444196307494
-20.6015471298318
-20.2581673481001
-19.9201492361519
-19.5808563999435
-19.2470336833236
-18.9180739964584
-18.5935002930168
-18.2683150549956
-17.9484916628345
-17.6320191162025
-17.3205897475523
-17.0140126198049
-16.7103649662377
-16.4091467623813
-16.1113256360199
-15.8167850429887
-15.5248982676814
-15.234855595965
-14.9515763469103
-14.6711137832182
-14.3950102732524
-14.1227618435496
-13.8535865456513
-13.5884649297617
-13.3284155666441
-13.0701579078128
-12.8152250879711
-12.5633957088322
-12.3158289770372
-12.0727658436679
-11.8341909119271
-11.6003812671748
-11.3659404348803
-11.137067161204
-10.9129387129792
-10.6941142028539
-10.4757124077056
-10.2626669832855
-10.051026833646
-9.84479421440583
-9.64066632407656
-9.44205400650865
-9.24215535902805
-9.05179687823025
-8.8607960793778
-8.67550235569605
-8.49021584699982
-8.31104094553542
-8.13484321860266
-7.95938622027156
-7.78771831459526
-7.62213111513129
-7.45773332037929
-7.2947141885877
-7.13592260772716
-6.98121530234227
-6.82635343436157
-6.67728322651057
-6.52905834055637
-6.38316489200983
-6.24151341692149
