178.663006335421
179.240882409977
179.972925650547
180.608616857945
181.375575377586
182.07950164051
182.824586217618
183.475665453397
184.099743973831
184.78711430339
185.343013625965
185.940138196489
186.66288737747
187.077168813506
187.330615988407
187.501510935884
187.839819683428
188.050731589308
188.168912447846
188.379515962052
188.41969105969
188.465307126439
188.456487221772
188.378768288283
188.289524361624
188.240384797354
188.010141635227
187.839695066998
187.617693701961
187.419286871314
187.268744497817
187.107619953878
186.914538126372
186.743332881259
186.322403555668
186.063213529009
185.582675395144
185.148080271812
194.001997680548
193.29911092821
192.742561619932
199.94010039235
199.07983347343
198.198503424175
197.434458251853
196.552769329894
195.734126986624
194.806691370141
193.888405487522
192.96315120716
191.97563564076
190.956547636118
189.915179355428
188.763631706175
187.719514782135
186.728072693353
185.620458731302
184.525811130662
183.403025823034
182.267705764839
181.086205700962
179.89227282373
178.740836345093
177.598983044927
176.489634631401
175.303231801789
179.194969315425
177.942677970206
176.634793320241
175.348379131433
178.112567485484
176.767973547784
175.431470415672
174.077796239776
172.67633398569
171.316247422692
169.924898700063
168.585166162904
167.235899853684
165.901854158505
164.552839961718
163.212959687632
161.862871855932
160.52539016243
159.127782991343
157.764611728699
158.816943760787
157.402499943692
156.020450233464
154.626903032568
153.235704008341
151.845187158767
150.467919890117
149.091436295977
147.783453909988
146.43886122866
145.070144307864
143.721273725061
142.37840189001
141.026078849034
139.697710140667
138.351413329179
137.043407650083
135.715597814642
134.398425875801
133.09167633475
131.812878686637
130.494140395651
129.194486511364
127.902230419248
126.628797272468
125.357970928231
124.078980911368
122.837367871271
121.581088124403
120.352493492856
119.123598164999
117.897638868772
116.677715083461
115.472497943169
114.288526448084
113.106096036165
111.917060630607
110.720590340714
109.543001845049
108.391842907803
107.251007366432
106.10126482101
104.976190483646
103.863057671824
102.761757508775
101.659262018243
100.583883443927
99.5053326109698
98.4320144499334
97.3706611849509
96.3141442267476
95.2708639392303
94.2602642497843
93.2246901955624
92.2292896235474
91.2286722995342
90.2533593781113
89.2562917071069
88.2855596461438
87.6202386763437
86.6444840648041
85.6797347573566
84.7451425740088
83.8002298551528
82.880109240972
81.9601000443891
81.0509617728555
80.1622580650533
79.5601755565173
78.6780022334007
77.8051918842738
76.9253338687692
76.354914455582
75.488184501992
74.6298566720569
73.7869152008095
72.9553662012742
72.129481947622
71.5279472319402
70.7000503822758
69.8875606671237
69.3157544533421
68.507383201189
67.716626326309
66.9295286813928
66.3419516658741
65.560884879852
64.7952736551116
64.0297667630033
63.2822220838057
62.536137997364
61.8041583560288
61.0798387420219
60.3532826817063
59.717140505653
59.0003954180902
58.2892655953192
57.5945820533758
56.8994519453812
56.2676245783194
55.5821034546758
54.902444248895
54.2308405213455
53.5618607774821
52.9029696748361
52.251183267599
51.6045304072453
50.9562297342916
50.3371970468153
49.707554069826
49.0854323320781
48.4732341362993
47.8511005467317
47.2564006222232
46.6565548513695
46.0680253410509
45.4745093387484
44.9080471467456
44.3348152923506
43.7654413045557
43.2063183069395
42.6486313523209
42.1057216267658
41.555827187995
41.0262052688534
40.492709355401
39.9719985923092
39.4475802070503
38.9386892583486
38.4388131300623
37.9462949227093
37.4513926428604
36.9634098785912
36.4882890294898
36.0189471215615
35.552352982537
35.0976674090358
34.6467849555291
34.203189547462
33.7583406029048
33.3300702711351
32.9077822743122
32.4861525657858
32.0781510293242
31.670213594437
31.2704530075841
30.8827034917616
30.4936558096957
30.1129418464362
29.7423180480779
29.3764020379278
29.0202700057964
28.6663355276024
28.3205526264464
27.9824758257087
27.647826713314
27.3244491004812
27.0032791851843
26.6913852376478
26.3821050650547
26.0829779490652
25.7876948956118
25.4987510150177
25.2138682634574
24.9348783197977
24.6628357521015
24.3964773026892
24.1353669889257
23.8805235108841
23.6323314367868
23.3898479725734
23.1523546317111
22.9187192410454
22.6924477049735
22.4702890484386
22.2517828821007
22.0399555737446
21.8319367829068
21.6289060276945
21.4299076597319
21.2366893235103
21.0493560559075
20.865792814412
20.6875167117772
20.514714163648
20.3411238497472
20.1742630271054
20.0124211153163
19.8556457254938
19.7002076344653
19.5501530019635
19.4019153752749
19.2590490740327
19.1187607976515
18.9826957471318
18.8477646303106
18.7191213766902
18.5910720758563
18.4683317905628
18.3460794730469
18.2286518319824
18.1145435796421
18.0019071210956
17.8919065597414
17.7868507247277
17.6825579747983
17.5807880288916
17.4817707611823
17.3865705227438
17.2917283968139
17.2008154072114
17.1111749285551
17.0241636567384
16.9392997796954
