191.687
192.169
192.834
193.403
194.1
194.704
195.367
195.92
196.462
197.09
197.612
198.165
198.825
199.205
199.409
199.548
199.864
200.051
200.151
200.374
200.409
200.465
200.473
200.41
200.343
200.336
200.121
200.001
199.819
199.677
199.592
199.492
199.357
199.273
198.915
198.743
198.313
197.958
208.024
207.365
206.894
215.211
214.388
213.549
212.866
212.052
211.306
210.45
209.597
208.747
207.826
206.871
205.895
204.774
203.79
202.883
201.836
200.802
199.734
198.662
197.524
196.377
195.285
194.21
193.181
192.044
197.389
196.148
194.842
193.567
197.471
196.115
194.788
193.449
192.032
190.689
189.3
187.981
186.652
185.348
184.018
182.688
181.346
180.018
178.623
177.264
179.505
178.044
176.633
175.207
173.775
172.362
170.978
169.583
168.331
166.969
165.569
164.211
162.834
161.455
160.111
158.726
157.408
156.054
154.702
153.406
152.122
150.728
149.382
148.057
146.732
145.43
144.089
142.843
141.531
140.28
138.988
137.712
136.417
135.154
133.945
132.694
131.465
130.146
128.883
127.655
126.427
125.208
124.013
122.831
121.621
120.429
119.29
118.099
116.974
115.784
114.653
113.512
112.432
111.274
110.207
109.082
108.035
106.937
105.883
105.928
104.792
103.662
102.604
101.5
100.448
99.3817
98.3395
97.3243
97.2209
96.1869
95.1652
94.1307
93.8913
92.8566
91.8102
90.8024
89.8206
88.84
88.5418
87.5172
86.5196
86.2565
85.2488
84.2733
83.3069
82.9383
81.9554
81.0082
80.0479
79.1348
78.2011
77.3112
76.4261
75.5284
75.1518
74.2501
73.3492
72.4905
71.6282
71.2154
70.3471
69.4868
68.6393
67.7801
66.9473
66.1283
65.3069
64.4965
63.7166
62.9248
62.1333
61.3587
60.5757
59.8184
59.0551
58.3067
57.5573
56.8284
56.1141
55.3867
54.678
53.971
53.273
52.5661
51.8944
51.2121
50.5461
49.8746
49.2199
48.5693
47.9267
47.2861
46.6546
46.0311
45.4189
44.8076
44.2058
43.6096
43.0181
42.435
41.8609
41.2943
40.7314
40.1792
39.6317
39.0873
38.5575
38.0284
37.51
36.9978
36.494
35.9954
35.5025
35.0211
34.5458
34.0766
33.616
33.1606
32.7158
32.2759
31.8442
31.419
31.0012
30.5899
30.1865
29.7908
29.4015
29.0188
28.6435
28.2756
27.9139
27.5605
27.2123
26.8731
26.5399
26.2119
25.8922
25.5789
25.2713
24.9694
24.6746
24.3876
24.1067
23.8332
23.5674
23.3012
23.0442
22.7945
22.5524
22.3123
22.0801
21.8508
21.6294
21.4119
21.2013
20.9918
20.7928
20.5947
20.4045
20.2154
20.0339
19.8573
19.683
19.5133
19.3512
19.1909
19.0341
18.8821
18.7358
18.5904
18.4514
18.3145
18.1815
18.0526
