1058.97
1052.67
1049.87
1047.19
1044.78
1042.39
1040.03
1037.62
1035.41
1033.23
1031.14
1029.07
1026.9
1024.81
1022.84
1020.85
1018.92
1017.09
1015.25
1013.51
1011.68
1009.98
1008.23
1006.57
1004.95
1003.34
1001.71
1001.96
1000.48
999.095
997.715
996.339
994.972
993.666
992.398
991.171
989.947
988.734
987.61
986.455
985.361
984.315
983.199
982.161
981.135
980.13
979.118
978.149
977.186
976.266
975.315
974.405
973.462
972.527
971.661
970.804
969.95
969.092
970.69
969.848
969.013
968.229
967.413
966.667
965.879
965.123
964.388
963.694
963.014
962.344
961.671
961.023
960.382
962.098
961.501
960.887
960.281
959.687
959.091
958.517
957.953
957.428
959.126
958.646
958.106
957.587
957.063
958.729
958.254
957.783
957.326
956.903
956.471
956.015
955.606
955.21
954.819
954.432
954.056
953.659
953.272
952.899
952.562
952.268
951.949
951.606
951.289
950.973
950.648
950.343
950.055
949.746
949.469
949.194
948.897
948.687
948.425
948.182
947.958
947.732
947.507
947.283
947.055
946.807
946.592
946.395
948.302
948.079
947.9
947.751
947.621
947.447
947.229
947.008
946.825
946.656
946.487
946.334
946.186
946.042
945.889
945.73
945.622
945.509
945.388
945.294
945.188
945.094
944.947
946.938
946.837
946.7
946.593
946.506
946.429
946.323
946.248
946.136
948.055
947.966
947.863
947.812
947.75
947.66
947.611
947.504
947.475
947.431
946.063
945.81
945.804
945.815
945.786
945.761
945.738
945.695
945.654
945.707
947.244
947.299
947.952
948.036
948.094
948.118
948.149
948.15
948.114
948.097
948.115
948.144
948.193
948.184
948.176
948.143
948.141
948.137
948.174
948.231
948.256
948.252
948.249
948.234
948.237
948.245
948.25
948.242
948.281
948.326
948.32
948.38
948.415
948.446
948.476
948.527
948.584
948.614
948.635
948.694
951.123
951.142
951.212
951.248
951.266
951.282
951.343
951.366
951.409
951.41
951.462
951.509
951.571
951.632
951.689
951.74
951.766
951.797
951.829
951.862
951.92
951.952
951.987
952.022
952.068
952.12
952.2
952.279
952.356
952.418
952.456
952.476
952.526
952.568
952.593
952.667
952.721
952.769
952.806
952.851
952.904
952.964
953.015
953.056
953.123
953.154
953.219
953.251
953.291
953.35
953.391
953.428
953.474
953.527
953.554
953.615
953.646
953.728
953.796
953.87
953.902
953.954
954.014
954.075
954.132
954.177
954.237
954.272
954.307
954.353
954.414
954.483
954.544
954.614
954.667
954.725
954.772
954.84
954.908
954.937
954.985
955.03
