1232.9
1224.98
1219.64
1215.19
1211.28
1207.69
1204.23
1200.84
1197.61
1194.87
1191.96
1189.19
1187.45
1184.67
1181.96
1179.34
1176.81
1174.35
1171.96
1169.59
1167.31
1165
1162.74
1160.53
1158.39
1156.32
1156.09
1153.98
1151.97
1149.99
1148.08
1146.17
1144.31
1142.46
1140.7
1138.94
1137.21
1135.54
1133.92
1132.3
1130.75
1129.21
1127.71
1127.67
1126.16
1126
1124.55
1123.14
1121.75
1120.42
1119.04
1118.99
1117.68
1116.4
1115.16
1113.96
1112.74
1111.55
1110.4
1109.26
1108.17
1108.31
1107.24
1106.17
1105.1
1104.08
1103.11
1102.13
1101.2
1101.58
1100.67
1100.96
1100.06
1099.18
1098.33
1097.49
1096.67
1095.88
1095.1
1094.32
1093.56
1092.81
1092.09
1091.38
1090.68
1090
1089.33
1088.67
1088.05
1087.43
1086.82
1086.21
1085.62
1085.04
1084.48
1083.94
1083.41
1082.89
1082.39
1081.89
1081.37
1080.87
1080.39
1079.92
1079.46
1079.05
1078.61
1078.17
1077.75
1077.34
1076.93
1076.58
1076.18
1075.81
1075.44
1075.08
1074.73
1074.38
1074.05
1073.72
1073.39
1073.08
1072.73
1072.39
1072.07
1072.89
1072.59
1072.29
1072.03
1071.77
1071.53
1071.3
1071.04
1070.76
1070.5
1070.25
1071.05
1070.83
1070.61
1070.41
1070.22
1070.99
1070.82
1070.6
1070.39
1070.19
1069.99
1069.8
1069.62
1069.44
1069.28
1069.12
1068.96
1068.82
1068.68
1068.54
1068.38
1068.23
1068.93
1068.8
1068.64
1068.5
1068.38
1068.26
1068.13
1068.88
1068.78
1068.68
1068.57
1068.47
1068.38
1068.29
1069.18
1069.1
1069.01
1068.92
1068.84
1068.75
1068.68
1069.57
1069.49
1069.42
1069.35
1069.28
1069.21
1070.02
1069.95
1069.87
1069.8
1069.73
1069.68
1069.63
1069.59
1069.54
1069.49
1069.45
1069.4
1069.36
1069.31
1069.26
1069.24
1069.2
1069.15
1069.11
1069.09
1069.05
1069.03
1069
1068.97
1068.95
1068.91
1068.88
1068.85
1068.81
1068.8
1068.79
1068.78
1068.75
1068.72
1068.72
1068.7
1068.67
1068.65
1068.64
1068.64
1068.62
1068.61
1068.59
1068.58
1068.57
1068.57
1068.57
1068.57
1068.56
1068.55
1068.53
1068.53
1068.53
1068.53
1068.54
1068.53
1068.54
1068.53
1068.53
1068.53
1068.54
1068.54
1068.55
1068.56
1068.55
1068.54
1068.53
1068.53
1068.53
1068.54
1068.55
1068.56
1068.56
1068.57
1068.57
1068.56
1068.58
1068.59
1068.59
1068.6
1068.61
1068.61
1068.61
1068.62
1068.64
1068.65
1068.67
1068.68
1068.69
1068.69
1068.71
1068.73
1068.75
1068.78
1068.79
1068.81
1068.81
1068.82
1068.84
1068.85
1068.86
1068.88
1068.9
1068.91
1068.92
1068.93
1068.94
1068.96
1068.97
1068.97
1068.99
1069
1069
1069.02
1069.04
