-12.1387
-12.1673
-12.0823
-12.2297
-12.2374
-12.218
-12.1568
-12.1191
-12.1647
-12.1793
-12.3752
-12.2451
-12.6684
-12.1882
-12.7039
-12.3905
-12.2044
-12.1887
-12.1246
-12.0949
-12.1006
-12.1542
-12.1985
-12.2764
-12.2969
-12.4016
-12.4784
-12.5578
-12.4924
-12.359
-12.2419
-12.3107
-12.2152
-12.1613
-12.1748
-12.1675
-12.1123
-12.0433
-12.0473
-12.0273
-11.9782
-11.9226
-11.9569
-11.9811
-11.9523
-11.9348
-11.9274
-11.9251
-11.9231
-11.9832
-12.096
-12.017
-12.0003
-11.9554
-11.9521
-11.9235
-11.9209
-11.9104
-11.8675
-11.8732
-11.8864
-11.9129
-11.9164
-11.999
-12.0361
-11.9677
-11.9715
-12.0217
-12.0522
-11.9901
-11.9452
-11.9911
-11.9931
-12.0085
-12.0621
-12.0855
-12.0993
-12.1367
-12.1568
-12.2048
-12.2288
-12.2937
-12.3022
-12.35
-12.4256
-12.4658
-12.5088
-12.5689
-12.716
-12.7266
-12.7467
-12.7694
-12.8206
-12.9073
-12.9885
-13.092
-13.1626
-13.188
-13.2476
-13.3162
-13.415
-13.5052
-13.5893
-13.6477
-13.7121
-13.757
-13.895
-13.9825
-14.0725
-14.0921
-14.1987
-14.3737
-14.4411
-14.4712
-14.5598
-14.6581
-14.7003
-14.8053
-14.9406
-15.0199
-15.0991
-15.2546
-15.3448
-15.4539
-15.5412
-15.6951
-16.0259
-16.1324
-16.2267
-16.34
-16.4652
-16.5645
-16.6837
-16.8246
-16.9662
-17.0704
-17.1799
-17.3019
-18.0854
-18.1789
-18.3117
-18.4476
-18.5715
-18.6502
-18.7711
-18.8671
-19.0259
-19.1963
-19.5693
-19.786
-19.9833
-20.1687
-20.3404
-20.5399
-20.7072
-20.8896
-21.0779
-21.2536
-21.4252
-21.6132
-21.797
-22.2592
-22.4369
-22.6187
-22.8293
-23.3666
-23.5354
-23.7378
-23.9452
-24.1814
-24.3984
-24.6175
-24.8405
-25.025
-25.2476
-25.467
-25.6775
-25.9128
-26.1612
-26.393
-26.6064
-26.833
-27.0833
-27.2978
-27.6353
-27.8976
-28.1424
-28.3829
-28.6849
-28.9857
-29.2441
-29.5026
-29.7604
-30.0178
-30.2769
-30.5584
-30.8262
-31.1161
-31.4109
-31.6929
-31.9647
-32.2407
-32.5521
-32.8367
-33.0876
-33.3677
-33.6363
-33.9309
-34.1849
-34.5476
-34.8057
-35.1146
-35.4387
-35.761
-36.076
-36.3902
-36.6799
-36.9533
-37.2639
-37.5799
-37.8871
-38.1811
-38.4609
-38.7561
-39.0339
-39.3199
-39.6499
-39.937
-40.198
-40.482
-40.7237
-40.987
-41.2446
-41.4442
-41.685
-41.9372
-42.1825
-42.4361
-42.7097
-42.9664
-43.1961
-43.4156
-43.6423
-43.8825
-44.1234
-44.3262
-44.5545
-44.763
-44.972
-45.2164
-45.4501
-45.6795
-45.9217
-46.1385
-46.3535
-46.5554
-46.7431
-46.9456
-47.1129
-47.3211
-47.4956
-47.6576
-47.8255
-48.0031
-48.1523
-48.3106
-48.4284
-48.5552
-48.6919
-48.8167
-48.9447
-49.0707
-49.193
-49.2937
-49.3946
-49.4845
-49.563
-49.6826
-49.7662
-49.8522
-49.9165
-49.9845
-50.0408
-50.0879
-50.1429
-50.1762
-50.1391
-50.1546
-50.1989
-50.2406
-50.2704
-50.266
-50.2538
-50.2482
-50.2428
-50.2156
-50.1615
-50.0064
-50.0193
-50.0046
