-531.515796866441
-545.827330500931
-550.659363707239
-569.782046146714
-577.623963842874
-586.315459611484
-594.805190922659
-599.423047753216
-603.448328802211
-614.324153748615
-631.716282080849
-670.9130166413
-674.653245495887
-658.09937776882
-690.1275421954
-684.74229736065
-696.458939539348
-701.097667574255
-708.942462253121
-711.491541864317
-715.91170759462
-726.619033073825
-729.770412591405
-734.884635721592
-734.90875896515
-743.145175584239
-744.426967881422
-745.659124380391
-747.922492986106
-745.96173271372
-735.115561541835
-737.06401600625
-736.090461986735
-736.704500046457
-737.689221971826
-744.097288433942
-736.120218019776
-735.283489443679
-738.974220755997
-737.84887158963
-735.353986305301
-732.686381277761
-736.253189477213
-739.598162856205
-734.743905321216
-734.60606478041
-736.341707792824
-760.906794016947
-756.020993806919
-747.61564640012
-745.617687328033
-739.260418148973
-737.769937894447
-733.995379251821
-729.51923675502
-729.373219046933
-727.900681870925
-726.040836830621
-721.011951369052
-718.991316257039
-713.585583618317
-714.73240767301
-714.439667499439
-716.631461829151
-716.451972180865
-713.269443876697
-712.131908507671
-713.976582612576
-716.807337952496
-712.835753668636
-745.716101749698
-745.984230324019
-743.183170880617
-740.330590752029
-742.852717337237
-775.240487562202
-773.289115746758
-773.511735884412
-771.734727923009
-775.911137360718
-774.395324931291
-776.453358113536
-774.695715469202
-773.796387827947
-778.97530015401
-780.035321182249
-777.088685826974
-774.980372907066
-777.709888394867
-775.593752841736
-774.450818986614
-774.0676244807
-771.811621207153
-774.762617133106
-776.505464469841
-781.871964866229
-785.934360420155
-783.874166880547
-787.500152146515
-788.498827504135
-792.722613424503
-797.781179290365
-797.317632892412
-795.938937367707
-795.460482219965
-793.368337079942
-797.948258815059
-798.874389898595
-798.670660842136
-793.050189789166
-795.340329275229
-799.468896197038
-799.816368877979
-794.750745788919
-800.992438528926
-805.032152006816
-798.980447304328
-803.811494844491
-810.789649798336
-810.74157735446
-811.742100449345
-822.172501677964
-823.403298134722
-825.494242855431
-823.907287818501
-834.697168186767
-863.475467459044
-866.480463318501
-865.862780909048
-868.252917295847
-870.864682230403
-869.076505173269
-870.775281792483
-871.515154301648
-869.437556030766
-869.141303306091
-869.007775928097
-869.039739607638
-882.775557028145
-882.970747028505
-888.295856071152
-895.43509297
-898.374552108636
-888.660063377659
-885.937520093826
-884.454060801324
-888.53668649185
-891.668343422136
-896.773036172194
-905.586782504513
-908.050507826799
-913.488389066626
-918.886264006565
-925.806161928643
-928.158814380003
-930.779077489626
-935.253804261051
-935.157846944948
-937.145524077633
-939.459027034418
-941.557858425693
-947.038522613994
-948.118738399385
-947.715290128424
-949.349771712697
-949.784602124472
-949.688286881962
-951.926278528662
-954.442972436754
-956.831112968739
-958.529162250671
-960.004845979126
-960.913807856286
-957.859470438639
-956.337623227684
-956.498166083941
-955.541957130938
-955.611372985473
-955.527674279683
-954.899086525905
-951.3912737587
-948.170538002156
-940.332842894722
-938.180420398977
-945.680943740413
-945.129408635243
-943.621518742882
-940.945122002776
-941.917716381048
-943.135848260029
-940.491328097563
-937.516691857159
-934.985119517459
-931.460898880799
-929.70697351688
-927.798799380794
-924.464556439798
-921.521585729995
-918.80539383334
-915.487406851854
-912.372826626449
-906.383155424505
-902.27799092825
-897.087207235648
-889.255603465122
-883.481086094114
-878.62653853614
-874.537184738653
-865.615431738099
-860.492095830263
-854.520453715792
-850.154363104391
-846.617935072749
-842.081523907813
-837.891731400056
-833.210060013389
-826.855287917111
-819.807183789717
-813.750417278949
-808.324062089245
-802.435878702438
-795.823738660678
-788.938625843408
-782.251461215157
-774.818447423321
-767.86926433621
-760.736623865042
-753.149028430541
-745.78264171414
-739.020718432403
-730.414317166911
-721.548698981409
-712.959712357181
-703.093003912262
-694.263144644738
-685.558212479706
-677.000545301596
-668.175723754413
-660.688033363356
-652.792133315964
-644.188112626911
-635.49561349988
-626.591500583798
-618.517033933876
-609.838187782246
-600.056286038884
-589.865214293345
-579.974715573204
-570.518794398681
-562.14399763877
-554.149377051159
-546.118237196095
-538.563912383876
-530.920780732472
-523.121505483407
-515.062664175099
-507.028592287684
-499.473978648222
-490.178115712122
-483.149234530173
-475.593723682279
-467.76318068516
-460.278619397057
-452.919043339302
-445.23173591778
-437.796244786867
-429.976318897473
-422.195190194303
-415.048920453048
-407.814329406281
-400.746161249808
-393.801954863817
-386.821522984667
-379.822732210531
-372.923178023477
-366.180862422449
-359.132766308715
-352.851395942477
-346.307240429748
-339.930632212607
-333.612606113575
-327.205161711287
-321.063915461915
-314.682359555218
-308.78452199183
-302.668809498626
-295.933106571922
-289.863107370134
-284.195053609422
-278.6210073845
-273.27191087315
-267.683685478486
-262.149543717378
-256.805682747443
-251.754006761583
-246.478221756867
-241.313233755537
-234.567171526116
-229.857587472913
-225.341789537103
