2471.15490946671
2531.54541805558
2572.47348434567
2628.74849766745
2663.19912338421
2707.69780151341
2761.16045076186
2791.51814114153
2799.40798715832
2846.33992497752
2879.15197732838
3091.31300299748
3001.38995079644
3046.86800598259
3061.3657820658
3116.85061859006
3220.05296317246
3245.80419867279
3300.00767805387
3320.25343652492
3339.25914635701
3373.80054632381
3375.74970307429
3377.16789813304
3371.47230829445
3379.56810023202
3363.89398880091
3347.4664016728
3375.77936395219
3404.44266179161
3388.0469367438
3377.45034010994
3400.18586760667
3418.57063436041
3419.2278399935
3451.06238167977
3430.10120326245
3446.42767372993
3462.54226998864
3463.19122906806
3466.0526185886
3470.06187719904
3476.65663800506
3485.18843070209
3470.90451409907
3475.49235763623
3485.92900269996
3602.93828130858
3580.42191003005
3522.3332444926
3479.18081978267
3472.87971433769
3470.84530206104
3466.44279820639
3446.28273734242
3454.10205121926
3447.90252288719
3442.21395409325
3431.09139005113
3419.78525490227
3390.19428429288
3387.86781604919
3385.45630039782
3371.77532110558
3360.22965720472
3364.99562526192
3358.53098614338
3352.75133649677
3357.27036204376
3356.48020758229
3524.89261732769
3512.26247598437
3498.47354515077
3480.44259721328
3476.31599259111
3620.64407675545
3607.28647615733
3596.86758227893
3582.48959783802
3587.27614769474
3573.02415904575
3563.01887060316
3552.42003098362
3534.13041251797
3535.45011904425
3528.47782572147
3502.67455524485
3475.92425615243
3446.48307541076
3434.14623162044
3423.49615582827
3415.51370215826
3391.49695937791
3380.81177967556
3366.49731557126
3362.02100798853
3360.71422665048
3345.21584944788
3345.02160998538
3331.37720701583
3323.64129458421
3321.66966552517
3298.41113574079
3278.07398183476
3260.11775842935
3240.51393610936
3225.56637139185
3208.28439694241
3186.11261125686
3159.10861373511
3143.45428799726
3119.67000088367
3105.82823763241
3079.45790386359
3083.92609767476
3077.76811185237
3045.46735423734
3041.16530967257
3038.50505613861
3021.53060928543
3008.63787298473
3014.74002247036
3000.63537308698
2985.96339158948
2962.63941207491
2970.5049132969
3006.16741308537
2995.63303353187
2975.14363704283
2961.5168648021
2946.56064910325
2921.87040310754
2905.44798706141
2882.12466002471
2849.81385291448
2830.39002326312
2810.80084144653
2789.83952488
2703.18761063927
2688.90775014539
2684.11982150328
2684.32942499199
2673.86494173203
2632.9665633763
2606.73354207713
2588.12743518012
2576.71349374704
2561.05520263403
2522.7078093181
2517.29381126898
2497.11264129905
2486.98035308694
2478.69961177632
2470.93405272884
2455.36783779716
2438.79766551216
2426.55323949738
2404.3071879852
2388.22105903144
2371.20644765983
2354.42009916175
2313.81028848199
2296.11013749253
2274.6469618947
2255.18488611223
2198.33775320519
2180.4484588862
2164.66725691192
2149.24389075928
2130.89562411091
2113.22266872543
2095.14151020798
2075.75333753101
2051.7984140239
2027.94607603339
2008.31609809762
1987.46648418593
1966.8855410066
1945.21277411641
1924.2219808151
1899.35452728441
1874.3753448455
1838.89297716684
1817.86252537974
1806.20956498581
1785.21965086451
1764.10283537139
1741.4836784418
1721.52484302943
1702.46404785148
1679.77381851643
1656.87970757964
1635.19564675941
1612.18072195898
1592.47635567819
1571.4249591589
1549.19261794219
1526.65370514524
1504.60114643807
1482.71137204638
1462.10544135287
1437.04716542733
1413.4548097433
1390.05065185199
1364.76088008335
1341.51439072191
1320.62327928142
1299.93369269721
1274.43677616305
1249.7981506682
1229.23284168678
1208.99232391879
1189.60467555956
1169.25153559578
1150.04796184829
1130.5434286185
1110.12402065873
1089.76780618936
1069.59746632943
1050.39224994644
1031.25319367799
1011.99831120617
993.222286073121
974.452574282993
955.664409472548
937.488402748411
917.943696045905
899.574996247746
882.577068429652
865.832739810441
848.474819236019
830.427291879449
813.1293214831
796.263329778304
779.634714778658
763.069837761676
747.086006870254
730.820522116248
715.7375985195
700.857423421335
686.084244004465
671.651360855028
657.013939880383
643.127335060982
628.790130128858
614.338258894252
599.110209836776
584.79272240665
571.07668323779
557.913640230011
545.510571038556
533.316072552506
521.509360799758
510.2297983129
498.972064610609
487.830580600323
477.079980157174
466.654419408319
455.295994835133
445.507960393424
435.868549866842
426.264931833833
416.982040032828
407.765768143442
398.750595525123
389.916959942136
381.369878669487
372.802236045864
364.733361411812
356.804548586345
349.04295988251
341.474600960945
333.977861325901
326.771758314771
319.694793348077
312.919363792897
306.046060695854
299.424016923234
293.002670409218
286.733200427745
280.76374088922
274.708606415034
269.015243711699
263.228229310156
257.791343879652
252.387218451499
247.095540784716
241.894212997604
236.79163568196
231.80398582433
227.113298403544
222.503742855384
217.998062910593
213.596680530432
209.435122363678
205.244244098519
201.329471549611
196.780581794133
192.741511382816
189.053384886957
