2527.67
2589.72
2630.75
2689.79
2725.12
2770.45
2824.5
2855.15
2863.71
2911.88
2947.64
3163.28
3076.28
3117.13
3138.19
3191.18
3294.51
3320.66
3375.3
3395.63
3415.14
3451.16
3453.73
3456.2
3450.64
3460.31
3445.28
3429.51
3457.64
3485.21
3466.88
3456.94
3478.95
3497.05
3497.9
3530.37
3508.2
3523.99
3540.52
3540.92
3543.2
3546.57
3553.76
3562.8
3547.82
3552.28
3562.85
3682.41
3659.37
3600.8
3558.18
3550.69
3548.39
3543.3
3522.65
3530.27
3523.9
3517.95
3506.03
3494.55
3464.48
3462.44
3460.02
3447.09
3435.76
3439.76
3433.2
3427.93
3432.94
3431.34
3602.91
3590.61
3576.54
3558.31
3554.8
3702.71
3689.24
3679.1
3664.67
3670.23
3655.98
3646.64
3635.91
3617.85
3620.25
3613.67
3587.84
3561.27
3533.14
3520.64
3510
3502.13
3478.21
3468.45
3454.89
3451.74
3451.39
3435.83
3436.47
3423.42
3416.87
3416.13
3393.41
3373.32
3355.76
3336.22
3322.8
3306.25
3284.69
3257.13
3242.51
3220.48
3207.16
3180.36
3186.25
3181.31
3148.53
3145.6
3144.82
3128.41
3116.22
3124.84
3111.56
3097.97
3075.07
3085.55
3127.72
3118.43
3098.58
3086.17
3072.56
3048.38
3033.13
3011.01
2979.49
2960.83
2942.07
2922.06
2843.68
2830.17
2827.29
2829.74
2820.75
2778.89
2753.17
2735.08
2725.61
2711.84
2677.36
2675.23
2657.09
2649.44
2643.54
2638.68
2624.94
2610.38
2600.55
2579.77
2565.51
2550.53
2535.71
2500.12
2484.16
2464.18
2446.86
2394.74
2378.29
2364.73
2351.64
2335.86
2320.45
2304.61
2287.38
2264.37
2242.13
2224.46
2205.24
2186.74
2167.23
2148.13
2124.31
2100.55
2065.37
2045.68
2038.8
2019.97
2000.62
1979.43
1962.36
1946.25
1925.14
1903.73
1883.63
1861.92
1844
1824.88
1804.06
1783.22
1762.96
1742.57
1723.42
1699.01
1676.89
1654.39
1628.91
1606.3
1586.2
1566.73
1540.61
1517.38
1497.07
1477.98
1460.11
1440.92
1422.91
1404.41
1384.22
1363.7
1343.96
1325.41
1306.67
1287.43
1268.43
1249.59
1230.3
1211.82
1192.2
1173.23
1155.48
1138.34
1119.56
1100.11
1081.43
1062.25
1043.95
1025.8
1008.2
990.231
974.058
957.778
941.111
924.646
907.901
892.287
875.945
858.766
840.758
823.622
807.23
792.006
777.601
763.329
749.682
736.35
722.931
709.414
696.192
683.55
669.006
657.199
645.113
632.854
621.072
609.433
597.69
586.26
574.737
563.232
552.536
541.869
531.44
521.234
511.05
501.044
491.199
481.671
471.848
462.773
453.629
444.712
436.034
427.233
418.869
410.261
402.249
394.091
385.529
377.536
369.915
362.44
355.328
348.084
340.948
334.025
327.48
320.744
314.27
306.177
299.973
294.143
