11411.5
11500.6
11738.1
11744.1
11625.3
11791.5
11780.5
11732.8
11580.4
11602.4
11563.2
11387.7
11418.6
11272.9
11217.8
11136.5
11049.2
10942.8
10876.7
10789.7
10663.5
10588.3
10490.4
10309.2
10170.3
10092.2
9919.26
9817.11
9694.16
9560.16
9442.28
9303.05
9151.62
9029.29
8895.71
8769.8
8653.64
8511.16
8383.4
8253.63
8136.6
7993.28
7861.97
7729.27
7601.48
7474.48
7347.87
7218.34
7091.88
6965.3
6839.24
6715.07
6595
6474.83
6358.08
6244.38
6130.01
6014.61
5901.83
5789.22
5678.73
5568.65
5459.8
5354.49
5249.34
5145.61
5044.89
4944.31
4846.2
4749.88
4655.05
4561.92
4466.07
4373.76
4284.78
4196.36
4109.2
4024.01
3939.73
3857.53
3776.63
3696.99
3618.93
3541.9
3465.73
3392.42
3319.32
3247.67
3178.28
3109.58
3042.24
2976.67
2911.71
2848.67
2786.73
2726.16
2666.88
2608.57
2551.55
2495.8
2441.3
2388.18
2336.07
2284.69
2234.72
2185.67
2138.38
2091.61
2045.82
2001.31
1958.21
1915.59
1874.06
1833.51
1793.91
1755.39
1717.85
1681.16
1645.51
1610.74
1576.87
1544.2
1511.66
1484.72
1453.79
1423.83
1394.83
1366.07
1338.28
1311.52
1285.69
1260.28
1236.94
1213.22
1189.44
1167.11
1144.83
1123.53
1103.84
1083.52
1064.14
1045.31
1027.05
1009.77
992.497
975.854
959.577
943.848
928.706
913.971
899.778
886
872.621
859.83
847.277
835.264
823.621
812.328
801.532
790.949
780.86
771.106
761.638
752.513
743.687
735.188
727.044
719.164
711.543
704.249
697.161
690.372
683.814
677.509
671.404
665.546
659.923
654.473
649.262
644.237
639.413
634.739
630.284
625.962
621.835
617.848
614.053
610.352
606.829
603.446
600.182
597.057
594.035
591.135
588.427
585.733
583.151
580.664
578.295
575.987
573.87
571.737
569.725
567.804
565.905
564.124
562.373
560.716
559.114
557.553
556.082
554.655
553.302
551.956
550.64
549.505
549.079
547.618
545.969
544.043
543.839
542.893
542.22
541.309
539.669
538.671
538.471
537.624
536.409
536.21
535.024
534.605
533.815
532.981
532.373
531.599
530.791
530.023
529.583
528.664
528.587
527.992
527.192
526.834
525.993
524.84
524.451
524.674
523.142
523.275
522.41
521.811
521.675
521.535
520.727
519.939
519.748
519.301
518.75
518.297
518.083
517.537
517.096
516.648
516.22
515.882
515.553
515.313
514.859
514.599
514.188
513.731
513.391
513.047
512.826
512.44
512.131
511.766
511.508
511.245
510.94
511.049
510.786
510.458
510.476
510.046
509.648
509.464
509.119
509.038
508.69
508.526
508.275
508.287
508.039
507.897
507.685
507.652
507.092
507.124
